	strain	rep	beta	alpha	std_dev	AIC	N.obs	mean_days_death	sd_days_death	CI025_mean_days_death	CI975_mean_days_death	half_life
1	ATCC13985	1	57.57601130489321	0.6764826251196401	0.8975150491497909	179.029681892667	66	75.38444314968946	114.69032880716746	52.224284024478884	108.81555152245026	33.492245764725034
2	ATCC13985	2	50.8228410333533	0.644201373307315	0.9084678735387741	180.63122073418202	66	70.13878596611036	113.05764411095612	47.5407300326483	103.47862334931408	28.77204745767005
3	ATCC13985	3	3.1730534536823396	0.358214889962649	1.2886985021453101	193.330613847646	56	14.746282155846918	56.12053397693535	5.44232527083774	39.95586933861759	1.1405714482316598
4	ATCC13985	4	8.05002131657765	0.41676625317172705	0.936877799008328	157.612138836215	56	23.984060847703542	70.44632783313054	11.112671046644833	51.763898376171454	3.340945725725281
5	ATCC43928	1	5.08906729412192	0.423031576343636	1.29607036126235	227.53612594918098	66	14.600033742236471	41.874333921810205	7.308721456675047	29.165290610406803	2.139770202027698
6	ATCC43928	2	8.58692315200907	0.471481877469871	1.43525968479098	241.001881443718	66	19.256802091182866	46.83063007834863	10.709654709953234	34.625245801281686	3.9466879431309447
7	ATCC43928	3	1.41485560887317	0.27469875395730603	0.9066594880460981	153.942036224567	56	20.04773018073882	132.12060685359484	3.56801761069725	112.64279755647452	0.3726154525402797
8	ATCC43928	4	124.531136267263	0.61162981709174	0.63938075276621	112.887169853393	55	182.82342566711978	313.86108900876434	116.14143317735143	287.79053313059114	68.39611257670784
9	KBS0701	1	0.0449413390487306	0.26301278235002107	1.5946098866287401	266.20509987413504	69	0.8041168786104551	5.880707357785229	0.1431850059828554	4.515863585211179	0.011154472529351147
10	KBS0701	2	0.159984974121919	0.287216902145944	1.6863502281953502	273.931259764115	69	1.8142491297330936	10.795356125038087	0.44559591115391445	7.38673722614201	0.04465631828711136
11	KBS0701	3	1.0497594698141	0.42524997773792206	0.36934305679187296	15.304598504427199	11	2.972728123109267	8.455772547987959	0.5535065729493894	15.965686634642323	0.4433856526005104
12	KBS0701	4	1.2442463430051	0.428792654871101	0.402569057401359	17.1990865310636	11	3.452362183182802	9.692618745034554	0.6569896949728097	18.14153971526753	0.5292864000075744
13	KBS0701	5	0.131806931731806	0.278002890499983	1.73975893289357	234.829508914809	58	1.7564957998223842	11.257902561862194	0.3375034078014971	9.141470644374307	0.03526743865871588
14	KBS0701	6	0.11861522072844001	0.288229408528618	1.3824279618358202	211.65222865963798	59	1.3225535022803587	7.807853652608557	0.29321064297592003	5.965498894041481	0.033257603275993995
15	KBS0702	1	10.553061858749	0.5310217062393139	0.8867794519302141	138.47109558188802	51	19.000868259961404	39.120375881402865	10.79860416700355	33.433302031348546	5.292087426909501
16	KBS0702	2	8.63697988475462	0.4840142977966121	0.818017013717281	130.23512361145902	51	18.375323457612865	43.02333905167467	9.664018560112012	34.93914152499145	4.050406475424431
17	KBS0702	3	7.18568453924163	0.41293819774255797	0.773732446759374	119.913191841697	49	21.926068286858644	65.36634587406209	9.515630649838828	50.522397118065015	2.9580121867818083
18	KBS0702	5	11.7509284130143	0.5110252810526551	0.827367285245788	126.485848763778	49	22.592801863872257	49.01098124854911	12.307664473909442	41.47291284566954	5.735766040142607
19	KBS0702	4	8.678054257728139	0.433604295014221	0.8896222236244922	136.19760359159798	50	23.438282357075465	64.6662998228153	10.9092818091041	50.35648445634107	3.7267138374529805
20	KBS0702	6	12.5026190162885	0.5420289370609109	0.8675146755416461	131.127998422537	49	21.776419325229877	43.62353733824855	12.427585789890863	38.15804989364792	6.358237041453479
21	KBS0703	1	3.0959043694727097	0.340640962042937	0.7142921759197549	116.413938253049	51	17.143001296152264	71.66447421257959	5.442621342160123	53.99649818799243	1.0556210347632977
22	KBS0703	2	204.76686729065497	0.9838158865887521	0.9026050929848599	140.278397610749	51	206.21390716283662	209.61437339931564	156.01206719454893	272.56978432530383	141.08039620101277
23	KBS0703	3	5.86542863003184	0.36703054000512897	0.579480566359455	91.5877599999787	49	25.17664864418985	91.70091227643984	9.07998798252997	69.80886298225828	2.1608158353271714
24	KBS0703	4	2.64128753116559	0.32430945606742895	0.554024147869495	85.5265562184569	48	17.61694418071526	81.06149625041454	4.792898981161403	64.75344535453415	0.8531099726383613
25	KBS0703	6	9.57779857995625	0.494935083542353	0.7280627845097719	67.6841899839353	28	19.522430226428174	44.28242879082191	8.42648465458351	45.22945184958556	4.567292203667351
26	KBS0703	5	16.0838616321163	0.609374351916796	1.01653680862307	80.63970393242491	26	23.722714945509907	40.91184052175165	12.225499073008507	46.032247929117126	8.814152304112254
27	KBS0705	1	4.742933406754821	0.4626294076421571	1.4538431210822498	110.003261504252	29	11.06663333232128	27.67351663691675	4.453985856299502	27.496803371934433	2.147742104339742
28	KBS0705	2	0.14301245319875	0.20873780887139604	1.47482707035669	179.515452476575	48	12.05643591047779	166.7971256317234	0.24068663610578858	603.929030773315	0.02470680350166149
29	KBS0705	3	0.994434362080044	0.285733178401649	1.28939176413509	166.62344569171302	48	11.563273305043078	69.61104593503555	2.1059416698116125	63.49144966540452	0.27574146111558956
30	KBS0705	4	0.777819705693486	0.31085472636745004	1.69573897136951	192.913763250491	48	6.169041258344459	30.945449246407062	1.4924787212244943	25.499237949558502	0.23923488815648858
31	KBS0706	1	64.4024227138038	0.5919577207699059	0.9723534217269542	133.96677681539802	46	98.6402759743978	176.3679328912714	58.837231887635724	165.3698471554037	34.67425117861034
32	KBS0706	2	111.566319964714	0.75558899307325	1.04691124318224	140.76049690262198	46	132.03155234618623	177.155597277703	89.594030742563	194.57022605706067	68.6863197266734
33	KBS0706	3	78.83819850031321	0.5905822536892691	0.81550377956972	117.776489755705	46	121.12772001970467	217.20930676231524	72.14139876924288	203.37732297238557	42.38530575799524
34	KBS0706	4	113.557092333617	0.6828217577591371	0.781061830990009	113.810595069442	46	147.28137394403782	221.65477600811914	95.33793852373982	227.5254053814273	66.38980526323618
35	KBS0707	1	2.20449411126757	0.276444252010417	0.9083010214877071	132.985227615991	48	30.2331006116781	196.3191886717598	4.8158399717965015	189.7987428878118	0.5854858448820766
36	KBS0707	2	0.863713298623388	0.241044734651196	1.35928259739844	171.68995644217898	48	25.991705388426276	237.58353770475912	1.957848040941458	345.05678422003115	0.1888064890631199
37	KBS0707	3	0.9139212655194291	0.264327465494098	1.33184199263796	169.727506261229	48	15.907372496948092	114.92752002024552	2.060350518602586	122.8162380487985	0.22841355624071363
38	KBS0707	4	2.60934580470003	0.27946842803599603	1.1519254771163001	155.78900474183	48	33.8599213379094	214.39890256459245	5.6458266578929495	203.06933642863365	0.7030235041307217
39	KBS0710	1	1.39539707213863	0.34851721484798104	1.13608788936692	157.56450939576402	49	7.122201614774489	28.51498435733521	2.32144014095893	21.850985923135966	0.48750436184518603
40	KBS0710	2	0.565255295937808	0.30427111480670194	1.1184040053061999	156.019920953613	49	4.916333526076057	25.795333969624075	1.1313833430559948	21.363524121128222	0.16947698403459646
41	KBS0710	3	3.3186288260740797	0.428474247364105	1.11038064903934	158.364621874005	50	9.224784965536752	25.929103357369783	4.232435232009431	20.105838127614206	1.41080563507584
42	KBS0710	4	2.79107311619321	0.43627909004555204	1.1796480578007802	164.412224768936	50	7.428855322610763	20.30154177159524	3.4829496751434665	15.845159003627876	1.2048293511235648
43	KBS0711	1	0.0333446528581724	0.23975311851191897	1.0963664759949598	226.595772850905	73	1.0385982963179365	9.631223744246807	0.12375804754712427	8.716091135033304	0.007229628951147006
44	KBS0711	2	0.25237222657119895	0.273616425539473	0.871392248667837	193.067626389763	73	3.650108691784959	24.27930278183623	0.7936287636065543	16.787815755691533	0.06611472541127543
45	KBS0711	3	0.0269210605257621	0.221667646394692	0.898840533283133	197.600146386777	73	1.4349332203383096	16.571703180237474	0.10145140845674695	20.295759104303865	0.005152460978123498
46	KBS0711	4	1.46694691251382	0.44185857401922907	0.551157852271984	29.0507158776858	14	3.7901579548642452	10.156912229908407	0.9311230153079935	15.427926371328091	0.6399937623065832
47	KBS0711	11	303.210263811726	0.807701367858398	0.6431570423906829	125.260793329023	61	341.21538664819417	425.684664859246	249.49461981625518	466.6551133295864	192.60735628721125
48	KBS0711	10	546.261576896146	2.03822514162841	0.7995374413465419	135.083998456948	54	483.9660432600968	248.70792579236274	421.9755712267216	555.0632477323887	456.3583220860062
49	KBS0711	5	0.15772177493803197	0.2585075244385	0.997804596827395	164.670394416954	56	3.110555458640336	23.739241159330085	0.4214314691871522	22.95878682230159	0.03820738716969028
50	KBS0711	6	0.6431837634671079	0.328696398493759	1.4038801121574098	202.917590253268	56	4.070835083770889	18.238302795698615	1.2591067385677823	13.161472154545079	0.21089923703077115
51	KBS0711	7	0.4404187307357921	0.282198609844244	1.1879797762617301	184.211379203736	56	5.443937216924354	33.71087263707427	1.0753236728174551	27.560494733798258	0.12017505158015052
52	KBS0711	8	0.394288448598924	0.26399508736544897	1.21874530206582	187.07279942225102	56	6.9106472022988905	50.081282186666634	1.0355831199290964	46.11609037998929	0.09837142764156254
53	KBS0712	1	1.26093445944646	0.316012870709948	1.13735925850481	151.478416394877	47	9.33650876432833	45.27132396738685	2.334198925373416	37.34488734392446	0.39536310031866473
54	KBS0712	2	0.122857478046521	0.218395991563584	0.8918738078733249	131.224887519365	48	7.306148925872344	88.14073454035201	0.2407048084744927	221.76462724334084	0.022938608555313576
55	KBS0712	3	0.337441538317373	0.251460764381184	0.916658229298621	131.200278146358	47	7.820541821430805	63.997873843730076	0.7536591318169611	81.15190515014179	0.07855955937948236
56	KBS0712	4	0.009108285605000571	0.157219972698626	1.01587958289539	143.734150364831	48	13.009068736440234	500.4741974152782	0.00024410495195966537	693291.4225246445	0.0008851249688351974
57	KBS0713	3	0.014815723271025	0.17956337202519101	1.1673150700891102	163.35989346460698	50	4.829376515890223	110.74738760512678	0.008381604446922267	2782.626844290673	0.0019242858396843069
58	KBS0713	4	0.0146679071226549	0.194864350942151	1.01983824978665	149.853076511322	50	2.2073306695873325	38.09098875137067	0.01847203508053505	263.7667513979046	0.002236249391581641
59	KBS0713	1	0.0171763130544269	0.193365183651568	0.9408475638893549	139.07982306573402	49	2.7693529389944347	49.03980676146453	0.019455277460312635	394.2023297463611	0.002580768085356269
60	KBS0713	2	0.109149131004815	0.24000081541415197	0.8495232782824069	129.068473216132	49	3.377204877021808	31.231078614325856	0.25352754364667024	44.98727285140754	0.02370256193727897
61	KBS0714	1	15.703145623613699	0.8959270807622071	1.55169702438518	95.1956695750156	24	16.56383869060593	18.52277631667481	10.589070453108144	25.90980515082725	10.430906299667258
62	KBS0714	2	17.3497350985668	0.9208579868832791	1.49478807207806	93.4039714748551	24	18.033896085381492	19.604187780327276	11.673633366771922	27.85948451525427	11.65301346431801
63	KBS0714	3	13.5581063827781	0.842355527950507	1.50524012696145	93.7378683893821	24	14.834919539239875	17.69564417840145	9.205025172784365	23.90811905505655	8.77476370540166
64	KBS0714	4	15.892136938892	0.9058068865251792	1.5650001571534398	95.60688686682691	24	16.663197934208746	18.42385850849921	10.70644388251815	25.934116728337305	10.603652969339525
65	KBS0715	1	0.000168733457962035	0.144662174884253	1.03617534135487	209.625538510555	70	0.7135011715685722	39.45652810909464	1.6872904636469019e-06	301716.8251691493	1.339313391840858e-05
66	KBS0715	2	0.000122111955379719	0.14432486038331196	1.0222541912915901	207.73572587912702	70	0.5333595354203304	29.810200959022733	1.0980846547266727e-06	259062.35261488106	9.635350924727443e-06
67	KBS0715	3	5.7436085367500595e-05	0.137914114340581	1.08495626780349	216.067128971644	70	0.481991484709301	33.312201866780924	4.481467744663872e-08	5183921.977546245	4.027428539519262e-06
68	KBS0715	4	0.00032186078276253197	0.153906876709854	1.01887613653882	207.269921406325	70	0.5992842411016013	25.222425738880318	3.130730848166979e-05	11471.494007317706	2.974690370804915e-05
69	KBS0721	1	0.812031532614833	0.318572308860505	0.9825167894574679	193.774841183716	67	5.817418662310176	27.747699863530833	1.8565634335428447	18.228496415020942	0.25699416063482006
70	KBS0721	2	0.0841743441752453	0.24240160597916	1.2605961927689	227.16458298148498	67	2.4442969874239933	22.011003869258857	0.28294027814672484	21.1160736882847	0.018557670214663292
71	KBS0721	3	0.0115126004155363	0.20937339450120698	1.2602927290298898	227.135669419342	67	0.9473181259082214	12.983121122955573	0.03558456175849487	25.21912838957562	0.001999544149457128
72	KBS0721	4	0.171264891451397	0.265117240079671	1.34960767553099	236.314149363414	67	2.932468920065804	21.033397921601374	0.5264245997175404	16.3354333588628	0.04298088258233828
73	KBS0722	1	6.972009079442589	0.3732039059515929	0.940677170517635	136.343782333159	48	28.392209948025915	100.39877192639504	10.440950316843107	77.207300223656	2.6112575562941953
74	KBS0722	2	1.7702809952098302	0.266951114559207	0.9666532199918709	138.964508131064	48	29.192763923435834	205.92529482845262	3.9682977814887614	214.7564301915204	0.4485116346613955
75	KBS0722	3	2.92764247377918	0.302276493297535	1.0367058760657	145.68151582367702	48	26.212520773732464	139.47187148835158	5.818084277062236	118.09664703934055	0.8708275100601336
76	KBS0722	4	2.20415222366699	0.30172524473567197	1.19214679395231	155.901918323045	47	19.895360084444693	106.27308335332823	4.320397284501	91.61781355379044	0.6541745121646032
77	KBS0724	1	8.957035174635061	0.48995735473304397	1.04024046437729	143.083404412554	47	18.610857122449474	42.822887798410925	9.639897901626316	35.930256354042335	4.2392595544919045
78	KBS0724	2	8.17783656610518	0.47397473739918605	0.8975178162287679	129.219799498386	47	18.142557165231317	43.783151255880746	9.100355853358385	36.16917687589284	3.7740640362279603
79	KBS0724	3	12.453829475280301	0.541552768383641	0.888018526649462	128.216648903807	47	21.721720582507213	43.56472146448989	12.242649100170487	38.54011833582218	6.329660597296712
80	KBS0724	4	7.055304684873639	0.473931378184008	1.0289682260153499	142.063746916409	47	15.655133162115156	37.785316968041926	7.851936304666916	31.213089970927136	3.255786266861613
81	KBS0725	1	12.1418678942695	0.674024199105972	1.3484189901913	164.042214747553	46	15.956960150385333	24.38046915047151	10.261059747267584	24.814647172168492	7.049040046167942
82	KBS0725	2	18.4931963167587	0.7614541610456109	1.3070041034209399	167.92601582475	48	21.74984434009368	28.934853157303692	14.928156004102279	31.68882537724745	11.428040436062528
83	KBS0725	3	14.0594773951975	0.723898988018977	1.44310157520879	173.854103369557	47	17.2550826231169	24.28833346534153	11.538382558093273	25.804125910329695	8.47391618384204
84	KBS0725	4	12.787801663052	0.7098037988756609	1.5229315758326498	182.59928516646198	48	15.976882019395669	22.996355399160873	10.632845090807526	24.006816320720276	7.630349499213931
85	KBS0727	1	1.09000979964027	0.37096502956049704	1.1593231091073	115.673672542194	35	4.523157637140046	16.165299885030603	1.3842750411316218	14.779544817692782	0.40583366789717185
86	KBS0727	2	6.42929131706983	0.549059774995095	1.534406739466	164.853040590854	43	10.974382144498202	21.61338254973162	6.0915568489029726	19.77114659533555	3.2980653836731473
87	KBS0727	3	15.2803632440957	0.700132202227439	1.5530861783351102	206.794868860032	54	19.338760848477204	28.275352783234585	13.093746987028366	28.56231081332904	9.05283108726826
88	KBS0727	4	11.740827258569901	0.651917900831077	1.4754860245103703	157.863991030497	42	15.988951195084555	25.409168041202477	9.887564652357383	25.85536168988233	6.691680932637024
89	KBS0801	1	29.789103553102898	0.5705770445451839	0.7371632082304879	104.031480288361	44	48.014236024426026	89.95392946678498	27.602828280150806	83.51922627678985	15.67062348200017
90	KBS0801	2	25.276366998626198	0.556695269061455	0.714669096416174	101.305617272967	44	42.244663608522494	81.70727592537065	23.854548619874695	74.81221430072895	13.085401670089846
91	KBS0801	3	25.792639386059697	0.552683274659608	0.9134594144531178	122.90565962998699	44	43.58328071397146	85.09682996982106	24.477235162214157	77.60281523646611	13.289009418659537
92	KBS0801	4	63.81087389476539	0.693004534867913	1.0278008755366	130.391115222109	43	81.5588734865177	120.6594474399793	52.41181473780208	126.91508351059154	37.601667606034155
93	KBS0802	1	5.39610015149686	0.421948262366496	1.6279066552756398	257.630085480631	66	15.58062420582872	44.869089592950836	7.777612261553062	31.21213072593843	2.2638252589333554
94	KBS0802	2	4.533491504174379	0.403696629259194	1.7526206726999598	267.363918495918	66	14.691937969424089	45.448499147615436	6.9655724507610435	30.988557340153925	1.8286910588131167
95	KBS0802	3	6.674040444116059	0.43959634009491994	1.64865822790301	259.299993057265	66	17.450593191948112	47.1345073393081	9.095010077755587	33.48244808388537	2.899321201951462
96	KBS0802	4	6.0377456602530994	0.43293604745193	1.7704485390169498	264.718465470923	65	16.367503184298556	45.266546650049094	8.355746768880273	32.061187096497314	2.5894759208929568
97	KBS0812	1	371965.028964471	0.14380298946887	0.32638959940705503	46.10622106143661	67	1708795261.9922783	97101826059.5296	2105.3844129622335	1386911211762469.0	29080.977190682283
98	KBS0812	2	26548.174463192598	0.6033372455341159	0.324409883127733	45.286166351664804	67	39657.65964737785	69241.42591028991	26107.061791392054	60241.55384754249	14461.427711246657
99	KBS0812	3	24238.5156067062	0.5295773920942299	0.373588000643459	64.20578872192449	67	43838.56090038917	90589.3244152001	26727.760704018758	71903.49551162239	12132.129437376276
100	KBS0812	4	14042242752.4615	0.0982795570669198	0.413164896342344	77.62313374701291	67	7.702351476723646e+16	3.722041697771886e+19	4.302806623571784e-34	1.3787795609029403e+67	337152685.85265845
