	Mult	Obs_fract	Null_fract
0	1.0008201660606832	1.0	1.0
1	1.0008201660606841	0.997709049255441	0.9967364324392191
2	1.0008201660606846	0.9965635738831615	0.9934740476006285
3	1.00173750810107	0.995418098510882	0.990212730682088
4	1.0031166786032741	0.9942726231386025	0.9869546172411964
5	1.0068131011867958	0.993127147766323	0.9837008855481184
6	1.008206292747479	0.9919816723940436	0.9804572171345073
7	1.008206292747479	0.9908361970217641	0.9772178050955258
8	1.0091372311526001	0.9896907216494846	0.9739783930565441
9	1.0100698903311158	0.9873997709049256	0.9707465318907037
10	1.0138178305549792	0.9862542955326461	0.9675213716391898
11	1.015702250314375	0.9851088201603666	0.9643048241645594
12	1.0166470896169932	0.983963344788087	0.9610914548294813
13	1.019016896352697	0.9828178694158075	0.957881261049607
14	1.0228316531008603	0.981672394043528	0.9546784184029345
15	1.023310506871037	0.97709049255441	0.9514892978774289
16	1.0261930716791243	0.9759450171821306	0.9483010966970321
17	1.0266750787583536	0.9747995418098511	0.9451172078803992
18	1.028123820638069	0.9736540664375716	0.9419364761238649
19	1.0281238206380692	0.9725085910652921	0.9387568914859452
20	1.0286076436124871	0.9713631156930126	0.9355783581348438
21	1.0297383366880666	0.9702176403207331	0.9324008760705608
22	1.034939035358208	0.9667812142038946	0.9292265464100979
23	1.0354292954412765	0.9656357388316151	0.9260660396828098
24	1.0369028665448456	0.9644902634593356	0.9229065801511899
25	1.037394989405095	0.9633447880870561	0.919753476777154
26	1.0383806378510851	0.9621993127147767	0.9166045569002781
27	1.039368161044477	0.9610538373424972	0.9134599067361633
28	1.039862627343737	0.9599083619702177	0.9103204819720281
29	1.0403575643391407	0.9587628865979382	0.9071831460128585
30	1.0418452062328558	0.9576174112256587	0.9040478979741167
31	1.0418452062328576	0.9553264604810997	0.900916824595876
32	1.0443340863241923	0.9541809851088202	0.8977868795473027
33	1.0443340863241923	0.9530355097365406	0.8946643134190512
34	1.0443340863241926	0.9518900343642611	0.8915417472907998
35	1.0458331304672412	0.9507445589919816	0.888422305949108
36	1.048844166351504	0.9495990836197021	0.8853109247805878
37	1.0508611743637186	0.9484536082474226	0.8822101835310218
38	1.0508611743637188	0.9473081328751431	0.8791167896451109
39	1.0539012741931222	0.9461626575028637	0.876024433491123
40	1.0544096684402	0.9450171821305842	0.8729424998935552
41	1.0544096684402002	0.9438717067583047	0.8698605662959877
42	1.0554279298293265	0.9427262313860252	0.8667796683391596
43	1.0569590148339143	0.9415807560137457	0.8637018487531397
44	1.0572146276549128	0.9404352806414662	0.8606281678359482
45	1.0574703641395908	0.9381443298969072	0.8575555210611594
46	1.0590073850177006	0.9369988545246277	0.8544839830524241
47	1.0595207186992415	0.9358533791523482	0.8514141737363393
48	1.0610637100371532	0.9347079037800687	0.8483484961840464
49	1.0615790396680596	0.9335624284077892	0.8452900817396822
50	1.0626112020790155	0.9324169530355098	0.8422338023219578
51	1.064163214545538	0.9312714776632303	0.839178554339876
52	1.0662396305739195	0.9301260022909508	0.8361254372535752
53	1.0662396305739195	0.9289805269186713	0.8330785651828794
54	1.0712037454920516	0.9278350515463918	0.830031693112183
55	1.0730443017557851	0.9255441008018328	0.8269991435097559
56	1.0772751319253497	0.9243986254295533	0.8239717378997254
57	1.0772751319253497	0.9232531500572738	0.8209588673164387
58	1.0772751319253502	0.9221076746849943	0.8179459967331522
59	1.0783380575611918	0.9209621993127147	0.8149361931162359
60	1.0794030828032266	0.9198167239404352	0.8119323725928066
61	1.0810045710566445	0.9186712485681557	0.8089295737789344
62	1.0812719478983581	0.9175257731958762	0.8059298364122192
63	1.0820748726121445	0.9152348224513173	0.8029311192209004
64	1.0820748726121459	0.9129438717067583	0.7999363249828029
65	1.082610818561929	0.9117983963344788	0.7969426087760328
66	1.0842218465657416	0.9106529209621993	0.7939499121298972
67	1.0842218465657416	0.9095074455899198	0.7909649327742436
68	1.084759921923839	0.9083619702176403	0.7879799534185902
69	1.0852985316169488	0.9072164948453608	0.7849996907464178
70	1.085837676441398	0.9060710194730813	0.7820215202220032
71	1.088541455516201	0.9049255441008018	0.7790463413653129
72	1.0896267411149216	0.9026345933562429	0.7760803689206829
73	1.089626741114922	0.9003436426116839	0.7731217216947827
74	1.0896267411149223	0.8991981672394044	0.7701641433820549
75	1.093442342509522	0.8980526918671249	0.7672075803090044
76	1.0956347081085387	0.8969072164948454	0.7642621570874809
77	1.0967341910067914	0.8957617411225659	0.7613227879394044
78	1.0972847603797866	0.8946162657502864	0.7583884526653835
79	1.1005998200788192	0.8934707903780069	0.7554569167608476
80	1.1017092957038987	0.8923253150057274	0.7525364441706919
81	1.1067297431273593	0.8911798396334479	0.7496231248006401
82	1.1089757700033154	0.8900343642611683	0.7467195623056249
83	1.1089757700033156	0.8888888888888888	0.743820982621207
84	1.1095387018662612	0.8877434135166093	0.7409234072384685
85	1.1101022055238878	0.8865979381443299	0.7380268361574094
86	1.1106662818478328	0.8854524627720504	0.7351322730489575
87	1.111230931711507	0.8843069873997709	0.7322387136112741
88	1.1112309317115077	0.8831615120274914	0.7293482446104909
89	1.1123619555605775	0.8820160366552119	0.7264587786489266
90	1.1129283313016978	0.8808705612829324	0.7235742384947509
91	1.114062814819843	0.8797250859106529	0.7206907007476059
92	1.1140628148198446	0.8774341351660939	0.7178121725044637
93	1.1163387347684017	0.8762886597938144	0.7149367258961551
94	1.116909168460161	0.8739977090492554	0.7120721480176471
95	1.118051786535312	0.872852233676976	0.7092096077845108
96	1.1186239727106115	0.8717067583046965	0.7063540449220778
97	1.120918585987967	0.870561282932417	0.7034994812961359
98	1.1261160446556076	0.8694158075601375	0.7006549795663647
99	1.1272775877651031	0.868270332187858	0.6978237108872377
100	1.1278592583470253	0.8671248568155785	0.6949970750425085
101	1.1296078773522145	0.865979381443299	0.6921744157188094
102	1.130191955882386	0.8648339060710195	0.6893578073400582
103	1.1301919558823867	0.86368843069874	0.6865421918085686
104	1.1331214321806817	0.8625429553264605	0.6837275688031885
105	1.1354759702215762	0.861397479954181	0.680919974523475
106	1.1354759702215766	0.8602520045819015	0.6781193668662591
107	1.1360661344472633	0.8591065292096219	0.6753197488375148
108	1.1378403137306272	0.8579610538373424	0.6725221100657135
109	1.1378403137306272	0.856815578465063	0.6697284272248427
110	1.1402145240879142	0.8556701030927835	0.6669347443839722
111	1.140809625614058	0.8533791523482245	0.6641468117680673
112	1.1417034435500293	0.852233676975945	0.6613638603503331
113	1.145592894484555	0.849942726231386	0.6585829040280156
114	1.1467949856644988	0.847651775486827	0.6558143006695969
115	1.150416443513964	0.8465063001145475	0.6530554774524231
116	1.1504164435139659	0.8442153493699885	0.6503042427728222
117	1.1504164435139659	0.843069873997709	0.6475579683196596
118	1.1522357631399749	0.8419243986254296	0.644811693866497
119	1.1546704926975881	0.8396334478808706	0.6420722115508414
120	1.155891720082779	0.8384879725085911	0.6393367135306184
121	1.155891720082779	0.8373424971363116	0.6366061251519284
122	1.1614193638026222	0.8361970217640321	0.6338755367732386
123	1.1638931004667383	0.8350515463917526	0.6311592177655941
124	1.1657553294274834	0.8339060710194731	0.6284502921679369
125	1.1657553294274852	0.8316151202749141	0.6257490525869268
126	1.1657553294274852	0.8304696449026346	0.6230497778153974
127	1.1663773973727505	0.8293241695303551	0.6203505030438679
128	1.1701237915827276	0.8281786941580757	0.617653174853823
129	1.1732642204382902	0.827033218785796	0.6149723565846142
130	1.1751565820841567	0.8258877434135166	0.6122978850904959
131	1.1783241200412586	0.8235967926689576	0.609632963514869
132	1.1783241200412586	0.8224513172966781	0.6069753272458399
133	1.1785358964826746	0.8213058419243986	0.6043176909768107
134	1.1789596778190585	0.8178694158075601	0.6016619879896559
135	1.1815087798251522	0.8167239404352806	0.5990071043529961
136	1.1815087798251542	0.8144329896907216	0.5963597979354566
137	1.1840689288605282	0.8132875143184422	0.5937153871297925
138	1.18728475973739	0.8121420389461627	0.5910766095622163
139	1.1872847597373901	0.8109965635738832	0.5884458433396376
140	1.1937691112378672	0.8098510882016037	0.5858170010105179
141	1.197037920414313	0.8087056128293242	0.5832048258380288
142	1.1983504619937144	0.8075601374570447	0.5806037985692917
143	1.2016444434725315	0.8064146620847652	0.5780088280071183
144	1.2023054140134954	0.8052691867124857	0.5754211422147248
145	1.206286557768507	0.8041237113402062	0.5728344109266047
146	1.206286557768507	0.8029782359679267	0.5702597141654336
147	1.2062865577685071	0.8018327605956472	0.5676850174042626
148	1.2076194710920078	0.8006872852233677	0.5651122248816254
149	1.2096243733683074	0.7995418098510882	0.562544022838136
150	1.2109646773831215	0.7972508591065293	0.5599815003766853
151	1.2150034700814532	0.7961053837342497	0.557427459980124
152	1.217032985900075	0.7949599083619702	0.5548820371634762
153	1.2211124260762767	0.7938144329896907	0.552342856506499
154	1.2248760115867372	0.7926689576174112	0.5498118351428432
155	1.2259064737389425	0.7903780068728522	0.5472927588251902
156	1.2272831233444892	0.7892325315005727	0.5447773890140061
157	1.2293539047674549	0.7880870561282932	0.5422681886153985
158	1.229353904767455	0.7869415807560137	0.539763138275945
159	1.2300457190076157	0.7857961053837342	0.537259028354269
160	1.235608390433315	0.7835051546391752	0.5347567753372716
161	1.2363072639573156	0.7823596792668958	0.5322686209538048
162	1.2398135239231618	0.7766323024054983	0.5297814038579644
163	1.2405171638345827	0.7754868270332188	0.5273065942235285
164	1.2419268424298493	0.7743413516609393	0.5248354679505726
165	1.2461751668623344	0.7731958762886598	0.5223669518406406
166	1.2475977412537287	0.7720504009163803	0.5199047457961271
167	1.2530811633918597	0.7697594501718213	0.5174477597450493
168	1.2540397261483276	0.7663230240549829	0.5150093323073773
169	1.2547596111805592	0.7651775486827033	0.5125734187734161
170	1.258371469589254	0.7640320733104238	0.5101393261521984
171	1.2590963379473126	0.7628865979381443	0.5077123043593421
172	1.2598220418884927	0.7617411225658648	0.5052880603518347
173	1.2605485828584397	0.7605956471935853	0.5028656296684924
174	1.2620041816839112	0.7594501718213058	0.5004459749994451
175	1.2620041816839114	0.7583046964490263	0.4980302776247644
176	1.2649254876600318	0.7571592210767468	0.4956164287985431
177	1.2656579285909293	0.7560137457044673	0.4932112237476203
178	1.2685961942405888	0.7548682703321878	0.4908060186966973
179	1.268596194240589	0.7537227949599083	0.4884103287469992
180	1.2715481341922832	0.7525773195876289	0.48601555987063927
181	1.2722882669828475	0.7514318442153494	0.483628053563891
182	1.2745138441262593	0.7491408934707904	0.48124326296386616
183	1.2760018929810477	0.7479954180985109	0.4788647272618897
184	1.2774934206174946	0.7468499427262314	0.4764907812100773
185	1.2774934206174955	0.7434135166093929	0.47412224877114745
186	1.2789884392489963	0.7422680412371134	0.47175716592155587
187	1.279737261520219	0.7411225658648339	0.4693951668502415
188	1.2797372615202194	0.7399770904925544	0.46703316777892717
189	1.2797372615202194	0.738831615120275	0.46467300012257395
190	1.284248673722993	0.7376861397479955	0.4623128324662208
191	1.2857595545156069	0.736540664375716	0.4599610682125068
192	1.2880325531387946	0.7342497136311569	0.4576129097744888
193	1.2887920062951266	0.7331042382588774	0.455271953070101
194	1.2895523555613773	0.7319587628865979	0.4529328195002391
195	1.2918387959081168	0.7308132875143184	0.4505963697741301
196	1.2922206578046302	0.7296678121420389	0.4482644217265802
197	1.2941333586006718	0.7273768613974799	0.44593429356094594
198	1.2964360869967584	0.7262313860252004	0.44361408772386224
199	1.2979757973138568	0.7250859106529209	0.44129928068066304
200	1.2987470247632413	0.7239404352806414	0.4389887810693206
201	1.2987470247632413	0.722794959908362	0.4366823582185434
202	1.3002922324072186	0.7216494845360825	0.4343759353677661
203	1.3049499956277815	0.720504009163803	0.4320720019695615
204	1.3072914130840503	0.7193585337915235	0.42978120314657925
205	1.3080737538459208	0.7170675830469645	0.42749286115625185
206	1.308073753845921	0.713631156930126	0.425207956875232
207	1.3127875331390602	0.7124856815578465	0.42292371922300714
208	1.3151571857259534	0.711340206185567	0.42065315433022116
209	1.3175354084849515	0.7101947308132875	0.4183869054891655
210	1.3175354084849515	0.709049255441008	0.4161286192984102
211	1.3179326154214848	0.7079037800687286	0.41387033310765486
212	1.3191256745181261	0.7056128293241696	0.41161474063665754
213	1.3195238410362407	0.7044673539518901	0.4093617169137583
214	1.3199222479930752	0.702176403207331	0.40710959036195665
215	1.3207197840945826	0.699885452462772	0.4048582982166466
216	1.3215182845686422	0.6987399770904925	0.4026113011852739
217	1.3215182845686424	0.697594501718213	0.40036668652352414
218	1.327941216692913	0.6964490263459335	0.3981238639948663
219	1.3287484757912063	0.695303550973654	0.3959000901227099
220	1.331176152665368	0.6941580756013745	0.3936780358937228
221	1.3319873508083697	0.693012600229095	0.39146224930365003
222	1.332596398522504	0.6918671248568156	0.38925060401503403
223	1.3368753777838127	0.6872852233676976	0.38704327940411937
224	1.3374207073280844	0.6861397479954181	0.38484593802499834
225	1.339332869287092	0.6827033218785796	0.38264948568007506
226	1.343036093810465	0.6815578465063001	0.3804587906632964
227	1.3442750569966382	0.6792668957617412	0.3782789916388814
228	1.3442750569966386	0.6781214203894617	0.37610470752613245
229	1.3451023031855585	0.6769759450171822	0.3739313090941802
230	1.3551092639036166	0.6746849942726232	0.37175960950410386
231	1.355109263903617	0.6735395189003437	0.36961514287672687
232	1.3567915845291953	0.6723940435280642	0.3674724378725332
233	1.35763431222145	0.6712485681557846	0.36533406035534904
234	1.3584780874310345	0.6701030927835051	0.3631982454493903
235	1.3593229121122719	0.6689576174112256	0.361064189534405
236	1.3614395781230348	0.6666666666666666	0.3589334945370046
237	1.3635628463359546	0.6643757159221076	0.35680845116589877
238	1.3669738853511784	0.6632302405498282	0.3546900344238847
239	1.3678293133144772	0.6620847651775487	0.3525790239691318
240	1.3712617582663325	0.6609392898052692	0.35047135311661376
241	1.371692025526535	0.6597938144329897	0.3483684167866281
242	1.374711473381467	0.6575028636884307	0.34626831835415417
243	1.374711473381468	0.6540664375715922	0.34417369077311977
244	1.3747114733814685	0.6529209621993127	0.3420810558726658
245	1.3755766159071958	0.6517754868270332	0.3399892930951712
246	1.3821000586004002	0.6506300114547537	0.3379024793149499
247	1.3825371553931274	0.6483390607101948	0.3358331203426021
248	1.3834121789091987	0.6471935853379153	0.33376513945965336
249	1.3886856687906826	0.6460481099656358	0.3316997809866072
250	1.3913375192084882	0.6449026345933563	0.3296477614567201
251	1.3975647331691394	0.6437571592210768	0.3276039425036441
252	1.401148232484958	0.6426116838487973	0.3255807249533623
253	1.4020469805494131	0.6414662084765178	0.32356346848904866
254	1.402946882334104	0.6403207331042382	0.3215485109109024
255	1.4061056562730991	0.6391752577319587	0.3195361647175
256	1.4074637750653796	0.6368843069873997	0.3175299143133739
257	1.4088245199333116	0.6357388316151202	0.3155269335712963
258	1.4092786864452191	0.6334478808705613	0.3135274809449955
259	1.4101878985009895	0.6323024054982818	0.3115305877730668
260	1.4124660695809585	0.6311569301260023	0.30953597956067347
261	1.4258259900042627	0.6288659793814433	0.30754659971023085
262	1.4267566858201919	0.6277205040091638	0.3055859475787863
263	1.4290887497067883	0.6265750286368843	0.30362839303475636
264	1.4295560776170915	0.6242840778923253	0.30167364771508276
265	1.4323664761969424	0.6208476517754868	0.29971964958207054
266	1.4333057329026457	0.6197021764032073	0.2977756544975729
267	1.4375476768671709	0.6185567010309279	0.2958333543009081
268	1.4418148038763416	0.6162657502863689	0.29390119560713446
269	1.4446736567591103	0.6151202749140894	0.29197304916708444
270	1.452352985167132	0.6139747995418099	0.2900551224527973
271	1.4536408175636426	0.6128293241695304	0.28815497900214143
272	1.4552538233532175	0.6093928980526919	0.2862593479518623
273	1.4552538233532182	0.6071019473081328	0.28436641499710746
274	1.4571941617843562	0.6059564719358533	0.2824742103080814
275	1.4635361517753815	0.6048109965635738	0.2805896726231616
276	1.4640262844450997	0.6025200458190149	0.2787186595114262
277	1.4659901023987487	0.6013745704467354	0.276848368817458
278	1.4679591958875313	0.6002290950744559	0.2749844566186182
279	1.4699335861980716	0.5990836197021764	0.27312448350554425
280	1.4748928762999554	0.5967926689576174	0.2712699151619611
281	1.4778845454202392	0.5956471935853379	0.26942899746674687
282	1.4778845454202392	0.5933562428407789	0.26759255562421386
283	1.4793849358216806	0.5922107674684994	0.2657561137816808
284	1.4818923679162945	0.5899198167239404	0.2639224405930717
285	1.485921986863722	0.588774341351661	0.2620925300860477
286	1.4879450256477431	0.5876288659793815	0.26027716941350876
287	1.492517065671924	0.586483390607102	0.25846842699944966
288	1.4930268051069224	0.584192439862543	0.25666506730118166
289	1.4950692494367537	0.5830469644902635	0.2548631125454605
290	1.499170948337815	0.581901489117984	0.2530681840206514
291	1.5001998920223296	0.5807560137457045	0.2512802549668644
292	1.5027784411664027	0.579610538373425	0.24949618133931692
293	1.5060573560012853	0.5773195876288659	0.24771797595932235
294	1.5100457635071045	0.5738831615120275	0.24595021978116643
295	1.5168572121280597	0.5715922107674685	0.24418966168112627
296	1.5189654222908509	0.570446735395189	0.24244202114608795
297	1.5210795008187425	0.5693012600229095	0.24069892242540125
298	1.5221387483819877	0.5670103092783505	0.23895793526782755
299	1.525325361253687	0.565864833906071	0.23721981000897446
300	1.5338885913519535	0.5647193585337915	0.23549002277372652
301	1.5447287934109784	0.563573883161512	0.23377642117877934
302	1.5469152460555788	0.5624284077892325	0.23207802819095785
303	1.5480107950966957	0.5601374570446735	0.23038368593050423
304	1.5623954558088164	0.5589919816723941	0.22868981110893105
305	1.565753039166572	0.5578465063001146	0.2270224829716878
306	1.5691250844770526	0.5555555555555556	0.22536346784699704
307	1.5702523295090038	0.5544100801832761	0.223708844862747
308	1.571381195310233	0.5521191294387171	0.22205711577281076
309	1.5725116853788004	0.5509736540664376	0.22041037624887533
310	1.5804708913062429	0.5486827033218786	0.2187686577253425
311	1.5873574747106274	0.5475372279495991	0.21714096451942436
312	1.5896663583102062	0.5463917525773195	0.21552320890953894
313	1.5919819684461283	0.54524627720504	0.21391002898000908
314	1.5954680603478353	0.5441008018327605	0.21230314022794075
315	1.5989694533112906	0.5429553264604811	0.21070373004737147
316	1.608382077024675	0.5406643757159221	0.2091102715327958
317	1.6083820770246753	0.5395189003436426	0.20753578199696385
318	1.6083820770246757	0.5383734249713631	0.2059620719384186
319	1.6119404444517214	0.5372279495990836	0.20438914135716005
320	1.6167094990211048	0.5360824742268041	0.20282515800811377
321	1.6179061751861834	0.5349369988545246	0.20126954310559275
322	1.6179061751861836	0.5337915234822451	0.19971716638735057
323	1.6191046242048401	0.5326460481099656	0.19816478966910828
324	1.620304850019669	0.5315005727376861	0.19661521337826893
325	1.6227106478667652	0.5303550973654066	0.1950664127516405
326	1.6281499014350342	0.5257731958762887	0.19352212300527794
327	1.6336257419107127	0.5234822451317297	0.19198525900632163
328	1.6360712894285434	0.5223367697594502	0.19045454054459596
329	1.6385241699224393	0.5211912943871707	0.18893045166603484
330	1.6434520621628075	0.5200458190148912	0.18740806060146825
331	1.6459271405696794	0.5189003436426117	0.18589447808008505
332	1.6508997301182278	0.5177548682703322	0.18438690036832076
333	1.650899730118228	0.5154639175257731	0.1828851499154729
334	1.6521475757192243	0.5131729667812142	0.1813847702415501
335	1.6634636550049724	0.5108820160366552	0.17988874898987697
336	1.6647305732494546	0.5097365406643757	0.1784121391317359
337	1.6691800249534432	0.5085910652920962	0.17693688893826992
338	1.6813778789819491	0.5063001145475372	0.17546597798937252
339	1.6822405664519229	0.5040091638029782	0.17402017296895664
340	1.6839685999048797	0.5005727376861397	0.17257693143134115
341	1.6904804661071413	0.49942726231386025	0.17113753989298947
342	1.6917888875205367	0.49828178694158076	0.1697073508978041
343	1.6917888875205374	0.49713631156930127	0.16827874552919844
344	1.6944118160283208	0.4959908361970218	0.16685297676063063
345	1.6957263325651926	0.4948453608247423	0.1654311203106728
346	1.6962903213676006	0.4936998854524628	0.16401117922739514
347	1.6970428902768122	0.4856815578465063	0.16259390180132197
348	1.7029927874378914	0.4845360824742268	0.16117876419466573
349	1.703656463504703	0.4822451317296678	0.1597722107327493
350	1.7063163486936255	0.48109965635738833	0.15836646736093757
351	1.7063163486936255	0.47880870561282934	0.15696643020165385
352	1.7116611140771605	0.4765177548682703	0.1555663930423701
353	1.7224517278774898	0.4753722794959908	0.15417265703504043
354	1.736132837709717	0.47308132875143183	0.15279062472172886
355	1.7430552174454013	0.47079037800687284	0.15142979269840795
356	1.744446322966108	0.46964490263459335	0.15008065916142757
357	1.745839650700108	0.46849942726231386	0.1487345091687201
358	1.7486329941412266	0.4662084765177549	0.14739321933170935
359	1.7563609824640691	0.4650630011454754	0.14605740619164306
360	1.758480484856424	0.4627720504009164	0.14473043424619753
361	1.762024379424855	0.46048109965635736	0.1434095033136768
362	1.7670098970707628	0.4558991981672394	0.14209040268252562
363	1.7756224554642837	0.4547537227949599	0.14078059405945065
364	1.7785119956684572	0.4536082474226804	0.1394831983069747
365	1.7857771590494553	0.4524627720504009	0.13818976186745854
366	1.7857771590494558	0.45017182130584193	0.13690659176514594
367	1.7886998712573923	0.44902634593356244	0.13562468081764864
368	1.794574090867433	0.44673539518900346	0.13434875051998693
369	1.7960486792740606	0.44558991981672397	0.13307953653465499
370	1.7967868825947668	0.44215349369988544	0.13181210948576993
371	1.7975256929905712	0.43986254295532645	0.13054714751486934
372	1.7990051380053773	0.43757159221076747	0.12928536816908576
373	1.799745774126418	0.436426116838488	0.12802755317943562
374	1.8012288773601437	0.434135166093929	0.12677066206443194
375	1.8134330000081842	0.43184421534937	0.12551589859037893
376	1.8139346412253388	0.4284077892325315	0.12426881910886162
377	1.8169503264144085	0.427262313860252	0.12302206743618904
378	1.8199760555175135	0.4261168384879725	0.12178170553460312
379	1.8306459318898938	0.424971363115693	0.12054478010882635
380	1.830645931889894	0.4238258877434135	0.11931822228849213
381	1.838344190644687	0.422680412371134	0.11809237151455756
382	1.8398916184145908	0.4215349369988545	0.11687821817315824
383	1.846107468476802	0.42038946162657503	0.11566629108110264
384	1.8507969878717467	0.41924398625429554	0.11446579377433591
385	1.8570868671848202	0.41809851088201605	0.1132703405961728
386	1.8602478661076873	0.41695303550973656	0.11208362460751038
387	1.8802505313346534	0.41580756013745707	0.11089946969505642
388	1.8826797955870216	0.413516609392898	0.1097343324537047
389	1.890005397904483	0.41008018327605955	0.10857223219924843
390	1.8982121082731516	0.40778923253150057	0.10741825873244736
391	1.9017905243705326	0.4054982817869416	0.10626902470804288
392	1.9023422477602567	0.4020618556701031	0.10512441061711598
393	1.9140028394715705	0.3997709049255441	0.10398057865241048
394	1.9182020558811188	0.39862542955326463	0.1028491017527734
395	1.927505505005762	0.3963344788087056	0.10172166640389385
396	1.9292067455220947	0.3940435280641466	0.10060460473151459
397	1.9309109917637217	0.3928980526918671	0.09949009968672277
398	1.9412000379010081	0.3917525773195876	0.09837806575484315
399	1.942925549045807	0.38946162657502864	0.09728230980093205
400	1.9463857904510535	0.38831615120274915	0.09618746116501355
401	1.951599323818333	0.38717067583046966	0.09509617383874289
402	1.9515993238183331	0.38602520045819017	0.09401075907689296
403	1.9550905569557548	0.3848797250859107	0.09292601710178217
404	1.9550905569557555	0.38258877434135163	0.09184662981366921
405	1.9568408618411235	0.38029782359679265	0.09076771063096747
406	1.9674088592948096	0.37800687285223367	0.08969160958438861
407	1.974517834396145	0.3768613974799542	0.08862808844925618
408	1.9745178343961456	0.3734249713631157	0.08757589332841857
409	1.9816783705136296	0.3722794959908362	0.0865239670645376
410	1.9816783705136303	0.3711340206185567	0.08548008579460137
411	1.9852781495699667	0.3699885452462772	0.08443753403851245
412	1.9870829478877572	0.36884306987399773	0.08339743390472854
413	1.9925170853933758	0.36769759450171824	0.08235932042052016
414	2.0071544928159164	0.3665521191294387	0.08132776445190007
415	2.012699118486679	0.3654066437571592	0.08031221148286002
416	2.026695635305086	0.3642611683848797	0.0793010629031603
417	2.0314045006287467	0.3619702176403207	0.07830786051832625
418	2.0389843681684074	0.35853379152348225	0.07731952683267812
419	2.042795553903302	0.35738831615120276	0.07633823895217502
420	2.0427955539033027	0.35624284077892326	0.07536347968861472
421	2.0447064945524165	0.3539518900343643	0.07438961748072503
422	2.0485391215337687	0.3528064146620848	0.07341757823269769
423	2.0640143934622595	0.34822451317296677	0.0724493788741245
424	2.07380573308969	0.3470790378006873	0.07150041726457577
425	2.0747899788101902	0.3459335624284078	0.07055868351786047
426	2.075775159236974	0.3436426116838488	0.06962036404746061
427	2.075775159236974	0.3424971363115693	0.06868375230896269
428	2.0777483295404306	0.3413516609392898	0.06774714057046477
429	2.079725254687472	0.3402061855670103	0.06681499689253075
430	2.0810452961058705	0.33906071019473083	0.06588498387538085
431	2.0817059454062226	0.3356242840778923	0.06495802057163523
432	2.0856786666760807	0.3333333333333333	0.06403193392573076
433	2.0866742173523005	0.3321878579610538	0.0631102921257658
434	2.0870062788127295	0.32989690721649484	0.06218941333127647
435	2.0944722524688886	0.32646048109965636	0.06126937911865759
436	2.0956771262478737	0.3207331042382589	0.06035985494406149
437	2.1007123908472227	0.3172966781214204	0.05945051371001036
438	2.134561760426302	0.3150057273768614	0.05854975573450749
439	2.1545502638507	0.3138602520045819	0.057683162282453876
440	2.1763603478359106	0.3115693012600229	0.05683324907683159
441	2.1770829110324037	0.30813287514318444	0.05601032025033723
442	2.1792534822298437	0.30698739977090495	0.05518813816738824
443	2.1850628883804055	0.30584192439862545	0.054368397667410334
444	2.1857912426765327	0.3024054982817869	0.05355746441775461
445	2.1857912426765327	0.30126002290950743	0.05274695327438477
446	2.1857912426765327	0.30011454753722794	0.05193644213101492
447	2.1945695207595715	0.29896907216494845	0.05112593098764509
448	2.1967751182678725	0.29782359679266895	0.05032321653756837
449	2.202308556852933	0.29667812142038946	0.049522805067469554
450	2.2281256296396883	0.2943871706758305	0.04872941961970141
451	2.2281256296396896	0.2920962199312715	0.04796069851592105
452	2.2349603708349024	0.2898052691867125	0.04719349751635701
453	2.2452914665398414	0.28751431844215347	0.04643112586681751
454	2.2510723405525574	0.2852233676975945	0.04567564918030836
455	2.2557185166940483	0.284077892325315	0.044923076216275545
456	2.2557185166940488	0.2829324169530355	0.04417810989147412
457	2.2572715070669878	0.281786941580756	0.043433742897743405
458	2.2627238537024152	0.27835051546391754	0.04269159689482304
459	2.2627238537024152	0.27720504009163804	0.04195445940194665
460	2.2650686452606563	0.27605956471935855	0.04121732190907025
461	2.279240086211192	0.27491408934707906	0.04048380844301939
462	2.2996225593651074	0.27376861397479957	0.03976418520204131
463	2.3179122403780843	0.27147766323024053	0.039063976717225
464	2.3327547947454987	0.27033218785796104	0.0383774338489905
465	2.3352470541415955	0.26689576174112256	0.03769997938997065
466	2.342755887113112	0.26575028636884307	0.03702434047730918
467	2.345269573687268	0.2646048109965636	0.03635451817928484
468	2.353687626715577	0.2634593356242841	0.03568668490293034
469	2.3545327569226564	0.2600229095074456	0.03502729902173546
470	2.3630175596503062	0.2565864833906071	0.03436826520859698
471	2.368993398854624	0.2554410080183276	0.03371643520916378
472	2.38623498108792	0.2520045819014891	0.03306918797022191
473	2.387972952669191	0.24856815578465064	0.032434358232944195
474	2.3967009239874266	0.24513172966781213	0.03180003813607876
475	2.40461082802699	0.24398625429553264	0.03117097987809413
476	2.4046108280269913	0.24284077892325315	0.030546665089066363
477	2.407259077837592	0.24054982817869416	0.029923254588036092
478	2.417910666677581	0.23711340206185566	0.029302089128162612
479	2.4205883086118862	0.23367697594501718	0.0286885498440641
480	2.42865693630726	0.2325315005727377	0.028078457166767403
481	2.4354219974111806	0.2313860252004582	0.027473986948287545
482	2.4367795347564476	0.2290950744558992	0.026874411897347992
483	2.458707809534908	0.2279495990836197	0.026276220422908524
484	2.4587078095349093	0.2268041237113402	0.025689673294739646
485	2.467961508479338	0.22451317296678122	0.025105675909484242
486	2.4838536848596973	0.22107674684994272	0.024526452690619725
487	2.4895116659186027	0.21993127147766323	0.02395939140859585
488	2.489511665918603	0.21878579610538373	0.023397190606414032
489	2.4923503337246675	0.21764032073310424	0.02283624838678646
490	2.518192675894624	0.21649484536082475	0.022277064009471492
491	2.519644083776985	0.21534936998854526	0.021735361008372443
492	2.5416177240424807	0.21305841924398625	0.02119513038657356
493	2.5445765339656963	0.21191294387170675	0.020669219854221526
494	2.5775840125902523	0.21076746849942726	0.020145250928156812
495	2.5836775918162336	0.20847651775486828	0.019642293205790903
496	2.5959515946277114	0.2073310423825888	0.019142395471586793
497	2.5959515946277123	0.20618556701030927	0.018650593258606973
498	2.613540744531527	0.20504009163802978	0.018159996481046044
499	2.614582826168104	0.2016036655211913	0.017678334583684077
500	2.646236371279096	0.19931271477663232	0.01719755627591613
501	2.672116433589894	0.1981672394043528	0.01673634940545988
502	2.706862220032857	0.1970217640320733	0.016290208251360072
503	2.7237274052044036	0.19243986254295534	0.015861936443964806
504	2.735658626628953	0.18785796105383734	0.015443743928811171
505	2.755488487458597	0.18671248568155785	0.015030444741738928
506	2.756357178658934	0.18213058419243985	0.01462428421303178
507	2.76332647620295	0.17983963344788087	0.014219238477367323
508	2.773846754665652	0.17869415807560138	0.013815853717160567
509	2.777371337581366	0.1775486827033219	0.013417867463387176
510	2.7809048889014423	0.17525773195876287	0.01302177652738739
511	2.7844474429000425	0.1718213058419244	0.012627551069376968
512	2.787999034026191	0.1706758304696449	0.012234233294725623
513	2.791050474048841	0.16953035509736541	0.011843620471124595
514	2.8276730176927996	0.16151202749140894	0.011454240255813096
515	2.842381329878457	0.16036655211912945	0.011077622556106939
516	2.849793015223642	0.15922107674684993	0.010708474435405216
517	2.8547556499911204	0.15807560137457044	0.010341642779940296
518	2.87983035925762	0.15463917525773196	0.009976927972875143
519	2.8817287312808633	0.15349369988545247	0.009619304308314076
520	2.902777214709872	0.15120274914089346	0.00926268499381218
521	2.902777214709872	0.15005727376861397	0.008912442034862519
522	2.9195786856765817	0.14891179839633448	0.008562199075912857
523	2.948790883880651	0.145475372279496	0.008220626578677028
524	2.953771949562883	0.140893470790378	0.007889886581897565
525	2.965795444608594	0.13974799541809851	0.0075606746982206695
526	2.9852379714238344	0.13860252004581902	0.007235782762216329
527	2.992185137134201	0.13287514318442153	0.006916128784368848
528	2.9983418966756257	0.13058419243986255	0.006599607072888545
529	3.0274116934578026	0.12485681557846506	0.006284472721888102
530	3.0506507225073745	0.12371134020618557	0.005978670024806616
531	3.0506507225073745	0.12142038946162657	0.00568179847773724
532	3.067777182703907	0.11912943871706758	0.005384926930667862
533	3.1048171060746217	0.11683848797250859	0.005093584485182529
534	3.1330022589725774	0.1156930126002291	0.004809473397525391
535	3.14955510472123	0.11225658648339061	0.004535550701193921
536	3.1956012319832383	0.10996563573883161	0.004266419078337475
537	3.1971593018184308	0.10652920962199312	0.004011982685259257
538	3.21439888628902	0.10309278350515463	0.003757657015309651
539	3.2215051476441183	0.10194730813287514	0.003506012028264681
540	3.252665539697224	0.09965635738831616	0.003257379091531144
541	3.2575130293241945	0.09736540664375716	0.00301655949760831
542	3.3498716362858754	0.09507445589919816	0.0027774718724352305
543	3.3809609322142826	0.09049255441008018	0.002556862196241715
544	3.383577775041074	0.0882016036655212	0.0023443343447100058
545	3.5368790334571742	0.08705612829324169	0.0021328459144361474
546	3.6942950580448475	0.0859106529209622	0.001950416310139403
547	3.7078731852019238	0.08247422680412371	0.0017907610239015347
548	3.720495732215375	0.08018327605956473	0.0016329468476562177
549	3.7686055908216107	0.07789232531500573	0.0014765028218390749
550	3.7881997273423464	0.07674684994272624	0.001326124440785356
551	4.040279561324462	0.07560137457044673	0.0011778365199309857
552	4.116367688656373	0.07445589919816724	0.0010641941453569995
553	4.120247394300723	0.07331042382588775	0.0009600082711658491
554	4.236029540070801	0.07101947308132875	0.0008561948872132422
555	4.311225330722947	0.06872852233676977	0.0007648070923693067
556	4.319745538886432	0.06758304696449026	0.000679153177824879
557	4.354165822064809	0.06643757159221077	0.0005950746052193341
558	4.410393952131828	0.06529209621993128	0.0005143290370007126
559	4.479080415320767	0.05956471935853379	0.00043831506424523543
560	4.534836603063348	0.058419243986254296	0.00036605124160843
561	4.572785026519944	0.0572737686139748	0.0002987132131715339
562	4.607728574812186	0.054982817869415807	0.00023489109857546632
563	4.917415619069817	0.045819014891179836	0.000172535185963845
564	4.973358913939779	0.043528064146620846	0.00012858738102699055
565	5.331198152869595	0.041237113402061855	8.747502744670673e-05
566	5.457656036645527	0.04009163802978236	5.7500290442177695e-05
567	6.080086905915255	0.037800687285223365	3.0885426649520245e-05
568	7.096724813884851	0.035509736540664374	1.4196503214584322e-05
569	8.898895644484622	0.029782359679266894	5.7010699579600895e-06
570	8.976555411402604	0.020618556701030927	3.1405007120114492e-06
571	10.593495521857191	0.018327605956471937	7.057564728697362e-07
572	16.179061751861838	0.011454753722794959	2.8537927001571058e-08
