Gene,mult,mult_syn,mean_freq,mean_freq_syn
FFI97_RS00175, 6.085245, 2.505035, 0.069473, 0.072705
FFI97_RS00510, 3.930525, 0.522812, 0.095812, 0.102119
FFI97_RS00650, 2.914262, 2.956524, 0.190824, 0.142436
FFI97_RS01795, 27.667475, 19.215789, 0.241180, 0.223201
FFI97_RS01840, 12.388301, 4.714359, 0.138416, 0.138129
FFI97_RS01845, 8.379458, 4.314385, 0.117152, 0.138562
FFI97_RS01990, 7.858684, 8.801345, 0.336281, 0.330982
FFI97_RS01995, 3.117205, 4.309510, 0.093076, 0.102091
FFI97_RS02065, 13.872850, 15.048745, 0.323674, 0.275087
FFI97_RS02135, 6.457453, 1.884967, 0.146437, 0.134549
FFI97_RS02155, 1.153687, 1.034282, 0.093679, 0.096869
FFI97_RS02185, 1.918691, 3.649681, 0.085602, 0.097548
FFI97_RS02210, 2.745639, 1.432009, 0.187976, 0.200824
FFI97_RS02215, 3.633365, 4.083422, 0.227367, 0.162611
FFI97_RS02235, 16.336884, 9.107860, 0.229984, 0.136894
FFI97_RS02325, 2.478575, 1.240298, 0.225670, 0.256478
FFI97_RS02415, 7.105248, 1.948361, 0.220527, 0.235335
FFI97_RS02420, 11.303804, 12.713054, 0.199595, 0.207544
FFI97_RS02425, 8.899217, 10.819621, 0.237847, 0.267739
FFI97_RS02440, 3.620143, 4.545788, 0.138837, 0.146530
FFI97_RS02535, 1.745829, 0.825970, 0.169267, 0.171748
FFI97_RS02685, 1.261247, 1.144461, 0.219153, 0.139844
FFI97_RS02980, 8.624868, 1.389405, 0.213066, 0.307243
FFI97_RS03195, 5.774016, 2.146670, 0.132400, 0.081711
FFI97_RS03215, 9.893951, 5.334149, 0.241272, 0.206078
FFI97_RS03230, 3.420161, 2.746294, 0.063194, 0.060031
FFI97_RS03405, 11.412679, 11.755222, 0.241290, 0.231607
FFI97_RS03495, 7.041908, 9.838133, 0.209168, 0.298721
FFI97_RS03565, 14.505205, 6.667686, 0.103488, 0.112195
FFI97_RS03605, 11.984756, 5.557619, 0.168906, 0.155716
FFI97_RS04305, 2.458608, 1.636874, 0.055610, 0.052725
FFI97_RS04345, 10.273490, 13.451572, 0.361165, 0.465826
FFI97_RS04450, 5.408780, 2.417697, 0.083647, 0.083203
FFI97_RS04595, 14.814031, 27.038959, 0.152084, 0.135675
FFI97_RS04605, 13.046229, 8.700950, 0.179843, 0.203002
FFI97_RS04635, 14.618394, 11.268389, 0.130245, 0.128748
FFI97_RS04850, 6.835897, 5.018311, 0.301347, 0.215483
FFI97_RS04910, 6.557089, 0.610227, 0.084734, 0.109741
FFI97_RS04920, 6.735629, 3.196019, 0.178014, 0.264560
FFI97_RS04930, 12.039246, 13.996023, 0.143433, 0.219603
FFI97_RS04985, 5.874418, 1.753525, 0.172851, 0.122393
FFI97_RS05200, 4.558357, 6.482577, 0.356138, 0.335682
FFI97_RS05205, 2.081035, 3.259758, 0.197390, 0.201854
FFI97_RS05265, 3.209589, 3.176058, 0.102702, 0.130339
FFI97_RS05385, 10.696072, 9.016351, 0.227328, 0.284248
FFI97_RS05395, 0.563341, 0.508861, 0.399833, 0.356911
FFI97_RS05440, 1.214408, 1.189989, 0.103809, 0.123270
FFI97_RS05445, 3.107467, 1.556701, 0.288629, 0.220171
FFI97_RS05585, 5.544974, 2.034089, 0.075920, 0.072483
FFI97_RS05675, 7.377280, 4.896612, 0.222618, 0.223036
FFI97_RS05880, 6.968420, 7.599009, 0.233819, 0.226386
FFI97_RS06055, 4.392227, 2.295811, 0.209860, 0.102660
FFI97_RS06090, 2.668916, 4.088425, 0.133883, 0.237228
FFI97_RS06160, 10.258453, 7.347299, 0.132793, 0.127209
FFI97_RS06240, 4.515006, 4.726775, 0.180283, 0.263767
FFI97_RS06425, 1.809340, 3.667227, 0.257185, 0.292056
FFI97_RS06455, 6.701800, 7.942901, 0.276199, 0.343896
FFI97_RS06545, 1.287035, 1.308376, 0.138984, 0.138742
FFI97_RS06590, 3.608469, 4.540377, 0.150411, 0.166968
FFI97_RS06615, 13.325946, 6.883196, 0.126864, 0.123451
FFI97_RS06830, 8.050911, 7.381774, 0.380401, 0.359021
FFI97_RS07220, 9.373373, 1.097530, 0.095975, 0.092573
FFI97_RS07240, 10.150354, 7.105100, 0.119844, 0.161654
FFI97_RS07250, 4.958980, 2.418974, 0.357374, 0.376834
FFI97_RS07325, 0.287016, 0.282931, 0.142649, 0.128942
FFI97_RS07440, 3.388574, 2.735624, 0.188352, 0.216580
FFI97_RS07610, 4.640720, 1.942572, 0.112191, 0.103930
FFI97_RS07640, 5.250359, 3.735471, 0.088633, 0.094205
FFI97_RS07650, 7.123015, 8.519545, 0.258165, 0.268137
FFI97_RS07685, 11.204393, 10.725116, 0.258194, 0.211215
FFI97_RS07760, 5.522895, 2.830365, 0.080992, 0.077432
FFI97_RS07845, 9.009242, 5.400236, 0.221880, 0.218842
FFI97_RS08025, 9.533071, 2.511910, 0.170159, 0.173068
FFI97_RS08135, 11.042563, 6.849482, 0.139142, 0.171288
FFI97_RS08160, 6.895718, 4.764087, 0.218788, 0.181560
FFI97_RS08180, 12.052139, 6.678064, 0.145541, 0.160239
FFI97_RS08185, 11.973002, 1.607552, 0.089861, 0.074088
FFI97_RS08190, 2.605533, 2.339826, 0.240093, 0.180737
FFI97_RS08250, 19.274484, 11.079533, 0.296206, 0.326450
FFI97_RS08255, 16.044108, 9.016351, 0.340007, 0.310918
FFI97_RS08420, 3.341525, 3.769934, 0.066655, 0.068132
FFI97_RS08435, 10.543117, 2.783881, 0.334690, 0.320710
FFI97_RS08660, 29.026171, 10.484993, 0.216844, 0.226387
FFI97_RS08735, 5.838660, 4.580364, 0.232623, 0.264349
FFI97_RS08805, 0.688239, 2.327333, 0.313768, 0.297629
FFI97_RS09000, 2.619255, 2.416931, 0.224132, 0.155016
FFI97_RS09230, 12.480408, 6.575718, 0.153731, 0.173272
FFI97_RS09240, 1.743789, 1.846933, 1.000000, 1.000000
FFI97_RS09270, 2.660667, 0.562525, 0.059923, 0.055892
FFI97_RS09510, 2.415708, 1.226340, 0.265104, 0.244243
FFI97_RS09790, 21.632707, 28.809362, 0.250987, 0.198053
FFI97_RS09880, 2.646614, 0.627031, 0.090944, 0.102695
FFI97_RS10155, 3.394355, 2.208406, 0.198787, 0.174030
FFI97_RS10205, 3.646388, 2.733990, 0.159782, 0.165491
FFI97_RS10210, 33.841491, 20.206179, 0.141802, 0.145406
FFI97_RS10215, 9.969502, 13.823090, 0.158674, 0.172668
FFI97_RS10305, 31.325194, 34.046357, 0.150272, 0.181369
FFI97_RS10335, 0.679360, 1.130468, 0.191741, 0.187089
FFI97_RS10490, 11.917748, 17.755663, 0.231572, 0.201487
FFI97_RS10830, 7.373125, 3.735471, 0.158360, 0.147797
FFI97_RS10860, 4.826206, 8.488844, 0.130924, 0.098576
FFI97_RS10930, 0.615046, 0.629359, 0.151691, 0.140637
FFI97_RS10980, 26.539365, 13.583812, 0.380504, 0.384727
FFI97_RS11075, 3.798308, 2.673306, 1.000000, 1.000000
FFI97_RS11295, 12.848181, 11.803223, 0.080533, 0.098668
FFI97_RS11360, 6.454301, 2.630287, 0.239606, 0.230761
FFI97_RS11445, 2.333841, 8.236032, 0.161024, 0.174593
FFI97_RS11710, 10.122301, 9.297305, 0.203193, 0.280115
FFI97_RS11765, 12.712265, 11.358743, 0.240262, 0.298124
FFI97_RS11840, 16.414764, 15.891318, 0.137491, 0.181313
FFI97_RS11945, 4.167883, 1.436503, 0.061362, 0.062896
FFI97_RS12040, 0.902117, 2.979622, 0.150630, 0.156899
FFI97_RS12090, 9.079729, 8.738924, 0.160296, 0.170846
FFI97_RS12175, 5.772687, 5.991651, 0.113105, 0.165984
FFI97_RS12255, 11.711947, 2.182499, 0.298242, 0.316803
FFI97_RS12320, 10.946298, 16.615081, 0.168009, 0.130654
FFI97_RS12335, 3.257865, 2.290640, 0.220259, 0.225760
FFI97_RS12360, 6.932333, 5.735213, 0.113740, 0.106322
FFI97_RS12420, 4.517465, 5.100334, 0.151507, 0.143563
FFI97_RS12575, 11.664195, 5.366314, 0.147503, 0.108867
FFI97_RS12740, 33.064921, 22.271044, 0.198256, 0.192675
FFI97_RS12770, 15.395092, 11.009243, 0.137307, 0.156052
FFI97_RS12865, 0.570266, 0.262938, 0.165287, 0.148427
FFI97_RS13100, 5.480632, 4.708539, 0.129876, 0.141998
FFI97_RS13275, 7.901321, 3.155723, 0.094247, 0.105555
FFI97_RS13465, 4.055961, 6.565106, 0.217400, 0.228028
FFI97_RS13600, 8.831495, 3.858937, 0.095002, 0.108105
FFI97_RS13620, 3.369021, 5.394507, 0.431815, 0.268027
FFI97_RS13665, 4.287650, 1.389405, 0.093172, 0.090533
FFI97_RS13745, 0.877363, 1.755543, 0.164982, 0.202367
FFI97_RS13760, 2.858433, 2.568294, 0.143274, 0.148718
FFI97_RS13825, 4.066905, 3.938640, 0.070565, 0.075548
FFI97_RS13905, 19.199843, 3.345541, 0.160527, 0.077221
FFI97_RS13940, 16.449893, 12.664345, 0.279858, 0.290153
FFI97_RS13945, 10.150354, 7.704881, 0.153843, 0.176313
FFI97_RS14320, 7.766870, 3.638076, 0.176484, 0.151400
FFI97_RS14405, 1.069352, 6.168059, 0.080209, 0.092175
FFI97_RS14475, 0.651383, 0.636183, 0.249671, 0.387706
FFI97_RS14490, 2.420934, 2.090963, 0.138572, 0.120518
FFI97_RS14650, 21.650816, 7.763697, 0.231075, 0.198946
FFI97_RS14765, 4.140128, 3.471141, 0.093764, 0.090787
FFI97_RS14905, 8.282238, 11.800484, 0.136030, 0.143806
FFI97_RS15060, 2.574069, 4.614938, 0.089260, 0.097246
FFI97_RS15095, 4.142810, 3.690887, 0.486529, 0.525586
FFI97_RS15120, 12.625479, 1.240298, 0.161995, 0.145547
FFI97_RS15215, 6.537561, 4.679652, 0.110869, 0.105384
FFI97_RS15655, 14.559246, 17.205638, 0.116231, 0.162194
FFI97_RS15775, 3.777474, 1.771854, 0.545594, 0.388784
FFI97_RS15815, 3.772875, 2.268838, 0.119798, 0.133441
FFI97_RS15875, 5.086712, 5.102229, 0.248616, 0.214154
FFI97_RS15965, 2.823277, 3.372163, 0.186389, 0.197276
FFI97_RS16040, 8.046087, 2.753730, 0.372905, 0.393257
FFI97_RS16130, 5.948220, 7.207401, 0.111635, 0.155037
FFI97_RS16190, 4.069369, 4.057358, 0.215041, 0.223690
FFI97_RS16285, 2.812457, 1.830680, 0.363085, 0.288837
FFI97_RS16390, 8.370839, 9.460878, 0.220509, 0.264872
FFI97_RS16435, 14.354497, 7.932946, 0.162464, 0.125283
FFI97_RS16470, 13.740367, 3.191562, 0.069485, 0.068572
FFI97_RS16555, 4.730396, 5.650246, 0.208638, 0.230823
FFI97_RS16595, 6.871523, 4.833861, 0.102642, 0.099501
FFI97_RS16630, 7.530798, 9.614915, 0.312567, 0.351719
FFI97_RS16635, 6.618957, 8.127067, 0.606185, 0.612217
FFI97_RS16670, 1.627353, 0.971080, 0.099644, 0.065543
FFI97_RS16675, 4.094183, 5.233504, 0.115524, 0.119847
FFI97_RS16885, 2.229236, 2.914167, 0.072017, 0.068980
FFI97_RS16895, 20.820029, 23.096698, 0.153817, 0.146733
FFI97_RS17070, 7.853169, 8.246306, 0.106011, 0.089014
FFI97_RS17075, 10.410015, 5.726601, 0.136266, 0.185029
FFI97_RS17185, 2.795944, 5.206712, 0.326768, 0.341060
FFI97_RS17190, 0.578933, 1.024558, 0.149783, 0.174910
FFI97_RS17430, 3.191662, 5.144010, 0.204504, 0.188834
FFI97_RS17510, 4.501062, 3.911709, 0.110610, 0.114605
FFI97_RS17520, 1.713091, 3.270239, 0.146507, 0.123222
FFI97_RS17565, 7.931822, 7.972082, 0.104107, 0.087114
FFI97_RS17600, 2.206164, 8.220122, 0.110786, 0.111031
FFI97_RS17660, 0.541663, 1.186288, 0.055493, 0.051769
FFI97_RS17675, 8.893324, 9.281655, 0.125830, 0.094214
FFI97_RS17685, 15.169245, 18.862099, 0.216217, 0.246000
FFI97_RS17720, 3.811569, 4.163664, 0.189990, 0.201830
FFI97_RS17755, 1.266282, 1.409951, 0.128087, 0.108601
FFI97_RS17825, 9.174971, 10.130715, 0.160494, 0.144381
FFI97_RS17965, 2.116457, 1.046342, 0.245678, 0.219724
FFI97_RS18040, 6.332404, 4.558466, 0.289572, 0.190635
FFI97_RS18140, 20.982686, 6.810565, 0.160267, 0.159258
FFI97_RS18155, 20.533515, 36.943919, 0.242339, 0.242781
FFI97_RS18160, 24.327751, 10.036622, 0.240400, 0.144398
FFI97_RS18165, 31.305760, 41.500722, 0.253465, 0.260053
FFI97_RS18195, 5.205007, 8.938866, 0.224832, 0.175132
FFI97_RS18445, 1.095523, 5.805048, 0.157578, 0.178553
FFI97_RS18515, 8.492475, 1.571129, 0.092788, 0.087769
FFI97_RS18525, 2.436306, 3.747298, 0.115366, 0.124579
FFI97_RS18535, 4.119932, 5.683929, 0.103241, 0.137182
FFI97_RS18575, 10.314070, 17.480450, 0.086345, 0.084924
FFI97_RS18750, 7.950810, 7.352128, 0.084723, 0.125615
FFI97_RS18820, 4.236252, 2.612271, 0.151543, 0.167879
FFI97_RS18900, 12.103158, 5.920698, 0.119087, 0.112932
FFI97_RS19210, 13.731001, 13.694493, 0.171695, 0.188344
FFI97_RS19240, 11.126234, 4.052568, 0.263365, 0.244878
FFI97_RS19665, 12.224778, 2.121789, 0.078848, 0.084802
FFI97_RS19690, 10.657872, 3.075739, 0.161855, 0.166113
FFI97_RS19700, 5.114610, 3.947132, 0.119599, 0.126684
FFI97_RS19705, 1.229079, 2.398690, 0.072923, 0.076561
FFI97_RS20100, 5.532158, 0.927960, 0.086506, 0.102295
FFI97_RS20190, 8.686235, 3.881849, 0.168522, 0.155179
FFI97_RS20235, 9.070529, 4.421932, 0.085866, 0.078207
FFI97_RS20275, 35.114272, 17.890439, 0.117240, 0.103291
FFI97_RS20330, 4.520000, 4.713388, 0.126139, 0.226157
FFI97_RS20405, 0.971421, 0.406493, 0.156363, 0.241653
FFI97_RS20530, 9.959995, 6.921808, 0.108229, 0.098736
FFI97_RS20575, 9.269847, 1.078901, 0.070948, 0.068981
FFI97_RS20635, 10.106284, 7.188533, 0.220006, 0.453218
FFI97_RS20690, 3.585347, 3.962510, 0.081646, 0.084679
FFI97_RS20700, 8.939841, 2.931527, 0.067076, 0.080226
FFI97_RS20930, 7.070558, 3.256974, 0.252841, 0.190868
FFI97_RS21030, 15.493823, 8.143594, 0.097895, 0.129660
FFI97_RS21115, 21.059025, 4.762435, 0.152217, 0.154582
FFI97_RS21140, 20.431980, 11.189975, 0.191726, 0.219138
FFI97_RS21180, 8.252777, 3.435961, 0.061521, 0.057807
FFI97_RS21320, 17.052595, 9.574685, 0.276622, 0.199666
FFI97_RS21420, 8.830346, 9.009251, 0.124829, 0.163926
FFI97_RS21430, 3.283354, 4.145561, 0.061218, 0.066759
FFI97_RS21530, 2.596265, 1.237997, 0.200216, 0.207523
FFI97_RS21565, 5.071639, 5.886971, 0.098833, 0.119172
FFI97_RS21575, 9.838036, 12.504644, 0.263024, 0.339766
FFI97_RS21655, 16.974076, 9.142950, 0.159275, 0.149645
FFI97_RS21660, 7.003347, 3.945431, 0.126923, 0.137796
FFI97_RS21685, 2.063289, 2.924782, 0.084214, 0.096354
FFI97_RS22005, 6.883095, 11.180862, 0.160904, 0.170844
FFI97_RS22090, 6.236581, 0.807178, 0.100130, 0.121153
FFI97_RS22195, 4.492028, 1.218504, 0.072586, 0.094190
FFI97_RS22565, 15.225532, 12.107671, 0.163970, 0.094343
FFI97_RS23385, 11.296672, 14.984517, 0.160428, 0.174104
FFI97_RS23395, 12.908876, 12.158458, 0.198374, 0.178897
FFI97_RS23515, 3.881190, 1.278765, 0.078888, 0.079481
FFI97_RS23690, 7.668660, 3.345541, 0.296619, 0.299208
FFI97_RS23700, 6.972440, 28.706897, 0.070908, 0.062790
FFI97_RS23705, 8.473268, 6.181388, 0.164802, 0.164539
FFI97_RS23740, 19.835921, 23.809420, 0.105381, 0.096120
FFI97_RS23890, 1.467401, 5.028490, 0.139608, 0.133607
FFI97_RS24045, 16.965853, 13.304359, 0.145735, 0.141792
FFI97_RS24085, 4.146648, 4.755507, 0.059070, 0.065967
FFI97_RS24355, 3.359329, 0.953479, 0.076313, 0.090477
FFI97_RS24535, 11.943186, 3.126161, 0.252973, 0.155777
FFI97_RS24550, 10.077448, 3.924287, 0.147764, 0.126994
FFI97_RS24565, 2.774406, 5.096547, 0.130931, 0.194914
FFI97_RS24635, 5.987035, 6.535475, 0.096432, 0.100368
FFI97_RS24640, 2.916794, 4.972512, 0.067317, 0.072742
FFI97_RS24660, 5.305252, 6.834976, 0.151435, 0.145971
FFI97_RS24670, 21.677028, 6.006167, 0.153119, 0.154344
FFI97_RS24700, 2.893914, 2.381837, 0.414751, 0.377243
FFI97_RS24705, 3.050640, 3.010987, 0.054873, 0.058969
FFI97_RS24970, 12.008870, 7.142165, 0.132105, 0.138291
FFI97_RS25450, 0.364738, 1.332690, 0.204235, 0.144852
FFI97_RS25570, 5.263766, 2.151716, 0.069364, 0.087184
FFI97_RS25615, 6.193579, 5.403423, 0.192275, 0.195373
FFI97_RS25645, 4.497896, 2.606321, 0.093936, 0.115490
FFI97_RS25745, 5.774815, 4.578531, 0.121112, 0.169288
FFI97_RS25810, 2.713461, 2.229057, 0.234043, 0.266547
FFI97_RS25825, 15.102248, 25.547765, 0.171103, 0.215673
FFI97_RS25860, 5.783341, 1.948361, 0.102057, 0.078495
FFI97_RS25900, 3.196448, 1.324277, 0.100430, 0.097581
FFI97_RS25950, 6.664003, 5.860051, 0.283562, 0.303639
FFI97_RS25955, 4.692145, 2.794078, 0.074833, 0.076209
FFI97_RS26095, 7.217521, 3.351420, 0.068926, 0.065493
FFI97_RS26170, 14.123810, 10.036622, 0.112337, 0.117004
FFI97_RS26245, 0.989458, 1.829216, 0.058662, 0.058744
FFI97_RS26250, 3.993137, 2.561825, 0.145063, 0.145620
FFI97_RS26260, 4.522827, 8.261191, 0.125449, 0.149683
FFI97_RS26265, 10.975822, 5.038199, 0.137285, 0.148909
FFI97_RS26270, 6.024638, 8.090126, 0.223665, 0.254772
FFI97_RS26400, 2.120467, 3.241289, 0.252357, 0.247856
FFI97_RS26570, 1.917048, 0.617139, 0.367429, 0.339201
FFI97_RS26660, 5.358707, 7.247347, 0.265468, 0.231456
FFI97_RS26845, 9.297464, 5.200795, 0.096509, 0.114445
FFI97_RS27215, 4.164781, 6.088350, 0.248279, 0.229169
FFI97_RS27350, 2.636223, 6.018014, 0.147825, 0.164754
FFI97_RS27400, 24.695069, 8.114716, 0.077906, 0.084553
FFI97_RS27495, 11.022191, 6.810565, 0.135956, 0.135001
FFI97_RS27755, 2.165605, 3.165076, 0.280351, 0.114573
FFI97_RS27930, 9.406828, 5.872583, 0.135412, 0.110211
FFI97_RS28115, 0.141333, 0.145016, 0.124341, 0.092704
FFI97_RS28165, 9.107677, 15.427077, 0.179966, 0.203453
FFI97_RS28170, 8.336209, 15.671869, 0.148737, 0.174030
FFI97_RS28510, 0.840779, 1.335093, 0.051522, 0.059472
FFI97_RS28610, 13.265937, 5.321744, 0.179258, 0.187117
FFI97_RS28685, 4.873700, 2.829615, 0.168501, 0.155894
FFI97_RS28825, 1.349911, 1.269190, 0.291201, 0.290429
FFI97_RS29000, 3.386011, 1.510462, 0.064540, 0.060437
FFI97_RS29095, 3.172435, 2.962265, 0.304452, 0.377394
FFI97_RS29140, 2.726795, 7.651375, 0.202880, 0.182197
FFI97_RS29375, 3.645201, 4.990171, 0.293031, 0.278351
FFI97_RS29445, 6.383780, 1.299460, 0.057629, 0.054220
FFI97_RS29460, 9.061349, 3.564408, 0.059833, 0.061182
FFI97_RS29620, 2.610396, 6.025144, 0.102468, 0.143623
FFI97_RS29630, 2.571112, 2.188133, 0.092006, 0.095973
FFI97_RS29695, 9.045327, 12.545777, 0.266943, 0.239745
FFI97_RS29745, 11.327641, 1.981255, 0.153399, 0.148128
FFI97_RS29775, 4.905157, 3.225299, 0.204440, 0.228983
FFI97_RS29915, 4.477799, 2.529362, 0.170791, 0.166509
FFI97_RS30010, 8.605523, 1.332373, 0.183045, 0.213154
FFI97_RS30055, 16.101821, 13.227455, 0.427924, 0.437053
FFI97_RS30195, 0.727618, 0.699160, 0.060965, 0.069785
FFI97_RS30200, 2.003718, 2.555388, 0.189174, 0.229769
FFI97_RS30240, 12.488145, 8.366910, 0.184278, 0.166355
FFI97_RS30315, 3.351532, 4.746207, 0.157845, 0.154189
FFI97_RS30420, 9.722646, 6.985195, 0.177617, 0.155380
FFI97_RS30440, 12.514688, 9.455991, 0.110733, 0.116451
FFI97_RS30475, 6.753630, 0.628840, 0.092211, 0.079272
FFI97_RS30530, 1.044402, 0.981072, 0.051525, 0.059567
FFI97_RS30550, 1.646306, 1.616066, 0.240513, 0.232333
FFI97_RS30615, 9.915032, 6.581391, 0.212258, 0.186306
FFI97_RS30855, 4.434182, 7.446977, 0.077350, 0.097627
FFI97_RS31070, 1.462845, 6.726484, 0.066264, 0.254527
FFI97_RS31090, 11.094294, 10.455313, 0.147958, 0.166950
FFI97_RS31095, 3.392855, 7.984472, 0.309458, 0.306350
FFI97_RS31255, 3.695355, 1.433803, 0.071834, 0.057548
FFI97_RS31275, 1.217711, 1.288485, 0.162965, 0.174773
FFI97_RS31350, 7.729616, 0.796225, 0.144369, 0.135471
FFI97_RS31505, 4.109719, 5.833049, 0.126785, 0.125157
FFI97_RS31560, 2.699823, 5.867564, 0.057737, 0.067271
FFI97_RS31565, 78.685071, 49.531381, 0.144320, 0.149612
FFI97_RS31620, 21.969601, 8.086042, 0.064174, 0.060952
FFI97_RS31815, 10.436984, 12.339141, 0.127869, 0.127385
FFI97_RS31825, 27.470027, 15.435749, 0.120334, 0.113343
FFI97_RS31855, 11.357580, 8.359269, 0.280259, 0.227768
FFI97_RS31885, 4.254145, 0.916807, 0.081314, 0.076975
FFI97_RS31990, 4.059528, 9.519916, 0.259341, 0.305930
FFI97_RS31995, 13.544043, 10.569745, 0.104512, 0.096683
FFI97_RS32065, 4.757690, 2.919745, 0.122914, 0.128849
FFI97_RS32235, 1.670264, 0.563772, 0.128674, 0.138174
FFI97_RS32340, 2.578517, 0.803776, 0.101983, 0.091042
FFI97_RS32570, 4.191298, 2.783881, 0.143596, 0.148764
FFI97_RS32610, 8.909845, 17.914564, 0.330303, 0.235143
FFI97_RS32710, 9.792600, 3.967663, 0.077547, 0.080283
FFI97_RS32775, 1.802056, 3.009007, 0.132083, 0.131245
FFI97_RS32790, 19.538932, 19.158277, 0.272681, 0.289684
FFI97_RS32840, 18.616370, 16.884525, 0.300725, 0.250370
FFI97_RS32870, 2.704390, 1.586928, 0.121430, 0.124877
FFI97_RS33040, 7.456960, 4.467847, 0.172721, 0.181189
FFI97_RS33090, 10.330732, 4.903607, 0.161835, 0.217180
FFI97_RS33095, 1.354814, 2.651183, 0.142812, 0.145261
FFI97_RS33160, 8.481065, 5.309396, 0.244380, 0.264734
FFI97_RS33335, 9.248567, 6.269452, 0.250767, 0.239746
FFI97_RS33345, 13.259201, 10.858125, 0.083943, 0.084524
FFI97_RS33375, 5.036348, 7.314360, 0.081638, 0.083201