freq	total_cov	major_cov	minor_cov
0.0827145576	84	77	7
0.0768966675	118	105	13
0.0745954514	133	123	10
0.0507349968	130	123	7
0.0540642738	146	138	8
0.0541615486	146	138	8
0.136888027	131	113	18
0.0625834465	158	148	10
0.0912361145	109	99	10
0.113317966	146	129	17
0.0935525894	148	134	14
0.0518898964	114	108	6
0.0708293915	134	124	10
0.0503311157	157	149	8
0.0510025024	155	146	8
0.0853319168	105	93	11
0.0540494919	202	190	11
0.0669579506	96	89	7
0.0833539963	113	103	10
0.0543603897	109	103	6
0.0890026093	67	61	6
0.0903778076	218	192	25
0.0707540512	148	137	11
0.0556607246	213	201	12
0.073849678	162	148	14
0.0586438179	175	164	11
0.0687499046	137	127	10
0.0798339844	87	79	7
0.0542159081	155	146	9
0.0595426559	133	125	8
0.0514454842	142	134	7
0.0591506958	185	170	11
0.100860596	138	124	14
0.106327057	131	117	14
0.230459213	65	49	16
0.0661616325	140	130	10
0.0650067329	112	104	8
0.0960679054	60	54	6
0.0861024857	104	95	9
0.0559592247	106	100	6
0.11980772	91	79	11
0.059071064	148	138	9
0.0676441193	117	109	8
0.110846519	89	79	10
0.08076334	118	108	10
0.229586124	99	67	22
0.0727000237	150	139	11
0.0647449493	107	100	7
0.0553636551	125	118	7
0.0560827255	141	133	8
0.0587115288	149	138	11
0.0665435791	134	125	9
0.078810215	158	145	13
0.0702009201	127	118	9
0.140856743	92	79	13
0.0813317299	122	112	10
0.0651698112	76	71	5
0.0962443352	144	130	14
0.0738120079	101	93	8
0.0533485413	127	119	8
0.0777888298	102	94	8
0.0714249611	111	103	8
0.0707755089	252	234	18
0.099342823	110	99	11
0.0737309456	128	118	10
0.0622644424	205	192	13
0.0613026619	112	103	7
0.0633568764	125	117	8
0.0651984215	152	142	10
0.0777816772	126	116	10
0.0674118996	177	165	12
0.0661888123	143	132	10
0.0683627129	189	175	13
0.0508823395	194	184	10
0.0761098862	137	126	11
0.0503220558	157	149	8
0.0673232079	103	96	7
0.0760178566	170	156	13
0.0639100075	100	92	8
0.105110168	104	93	11
0.273789406	76	55	21
0.0805449486	123	113	10
0.128680706	90	74	13
0.131651402	132	111	20
0.0781540871	76	70	6
0.0692706108	100	93	7
0.0599732399	198	186	12
0.072707653	123	113	9
0.0753645897	158	146	12
0.119474411	100	88	12
0.055706501	142	134	8
0.102653503	174	156	18
0.0569996834	128	117	8
0.057946682	135	127	8
0.0666069984	104	96	7
0.081009388	145	132	12
0.0692391396	136	126	10
0.0967364311	103	93	10
0.0586686134	202	190	12
0.0677170753	161	150	11
0.0590214729	134	126	8
0.074157238	107	99	8
0.0682487488	116	108	8
0.0721063614	110	102	8
0.144365311	98	82	16
0.0688557625	108	100	8
0.0779652596	140	129	11
0.0721545219	110	102	8
0.0763463974	123	111	9
0.0687055588	138	128	10
0.0504627228	176	167	9
0.0708527565	98	91	7
0.0867962837	98	89	9
0.0581870079	85	80	5
0.126996517	94	82	12
0.0530991554	186	176	10
0.0510754585	132	125	7
0.0617046356	120	112	8
0.0578055382	154	145	9
0.0847992897	117	107	10
0.0696988106	128	119	9
0.0574479103	155	146	9
0.0660243034	150	139	11
0.173839569	90	72	17
0.087685585	77	70	7
0.0883603096	101	92	9
0.0689706802	145	134	10
0.0863494873	115	105	10
0.0564861298	113	106	7
0.274237156	116	82	34
0.128526211	121	103	18
0.0776276588	115	106	9
0.0674276352	147	137	10
0.115899086	103	91	12
0.0661220551	105	97	7
0.0601582527	99	92	6
0.0562820435	132	123	8
0.0520710945	160	150	9
0.0718488693	138	128	10
0.0679755211	131	122	9
0.0732383728	176	163	13
0.0832767487	153	140	13
0.0630121231	127	118	9
0.0510187149	116	110	6
0.0755548477	105	97	8
0.086025238	145	132	13
0.0581259727	142	133	9
0.0810208321	130	118	11
0.070687294	98	91	7
0.0513005257	116	109	6
0.110546112	108	96	12
0.0717964172	138	128	10
0.0964212418	140	126	14
0.0679922104	102	95	7
0.0798740387	118	108	10
0.0909562111	119	108	11
0.0692658424	143	133	10
0.0549116135	170	160	10
0.330244064	81	46	21
0.242285252	68	49	16
0.371304989	57	30	20
0.100574493	168	151	17
0.0853800774	70	64	6
0.0607295036	179	168	11
0.0825858116	125	114	11
0.0603275299	82	77	5
0.0544247627	135	127	8
0.0639410019	139	130	9
0.0611548424	97	91	6
0.080145359	74	68	6
0.0552539825	143	135	8
0.0889959335	197	178	18
0.0764045715	123	113	10
0.0565214157	114	106	7
0.0671601295	149	138	11
0.0818939209	144	132	12
0.240094185	84	60	21
0.245605946	72	53	19
0.0530819893	149	141	8
0.0887351036	107	97	10
0.0545067787	163	154	9
0.0692696571	186	173	13
0.0575914383	120	113	7
0.0606241226	123	115	8
0.061621666	111	102	7
0.0704464912	68	62	6
0.0587091446	81	75	6
0.0928406715	85	75	10
0.0569047928	102	94	8
0.0604519844	131	123	8
0.0875597	68	62	6
0.0682525635	116	108	8
0.171181679	79	62	14
0.051776886	191	181	10
0.0695767403	114	106	8
0.066423893	132	122	10
0.0528240204	139	131	8
0.0569491386	191	180	11
0.0636739731	125	116	9
0.0763802528	141	126	15
0.068810463	144	133	11
0.0690073967	113	105	8
0.0522756577	151	142	8
0.0574884415	154	144	10
0.0833477974	118	107	10
0.0607581139	131	121	8
0.125627995	134	117	17
0.0729036331	136	126	10
0.0952568054	162	136	18
0.0599555969	165	155	10
0.0542016029	151	142	9
0.0671730042	141	131	10
0.068883419	144	134	10
0.10809803	79	70	9
0.0539813042	128	121	7
0.0592889786	150	141	9
0.059129715	184	173	11
0.0595068932	133	125	8
0.0708456039	124	115	9
0.0582542419	151	142	9
0.0770101547	116	107	9
0.0783448219	121	110	10
0.0671043396	197	183	14
0.0849852562	70	64	6
0.0666098595	104	97	7
0.0834536552	131	120	11
0.0576486588	145	136	9
0.0500321388	197	187	10
0.0641951561	154	143	10
0.0942230225	158	143	15
0.0685791969	130	121	9
0.057079792	173	163	10
0.0827035904	84	77	7
0.181680202	95	76	18
0.0715155602	97	90	7
0.0962834358	134	121	13
0.0554075241	107	101	6
0.126616478	118	103	15
0.0573921204	172	162	10
0.0601944923	115	108	7
0.0679531097	103	95	8
0.0591378212	148	139	9
0.0764112473	129	119	10
0.0558161736	123	115	7
0.073884964	67	62	5
0.0728635788	136	126	10
0.0608706474	164	153	10
0.0517015457	172	163	9
0.0645618439	92	86	6
0.0756559372	131	121	10
0.0553126335	151	142	9
0.0891747475	160	143	17
0.0644130707	123	115	8
0.0656495094	158	147	11
0.0793843269	100	91	8
0.125468731	79	69	10
0.0501661301	138	130	7
0.111222267	136	114	18
0.0740699768	107	99	8
0.0802779198	173	159	14
0.06027174	139	130	9
0.122956276	81	71	10
0.054394722	109	103	6
0.0588831902	99	93	6
0.0668921471	163	152	11
0.0771479607	90	83	7
0.0886387825	96	87	9
0.0567650795	169	157	11
0.136812687	171	136	25
0.0675253868	188	173	14
0.0711112022	189	170	15
0.0609726906	145	135	10
0.0549411774	144	136	8
0.0618376732	176	165	11
0.0848479271	117	107	10
0.0855259895	111	101	10
0.107652187	120	107	13
0.0653367043	88	82	6
0.183570862	101	79	20
0.0732440948	141	130	11
0.066037178	135	125	9
0.0719118118	139	128	11
0.073433876	135	125	10
0.0636291504	171	160	11
0.0725021362	130	120	10
0.337974072	47	31	16
0.0936670303	138	125	13
0.0596137047	166	156	10
0.0792007446	132	121	11
0.0732588768	146	130	11
0.0517935753	111	105	6
0.0940375328	95	86	9
0.0633716583	78	73	5
0.26962328	50	36	14
0.117641926	110	97	13
0.0785069466	101	93	8
0.112411499	115	102	13
0.0913238525	98	89	9
0.202547073	63	45	13
0.141088486	77	64	12
0.0534415245	211	199	12
0.0571122169	121	114	7
0.0707411766	84	78	6
0.0733566284	135	125	10
0.0624351501	95	89	6
0.0946278572	156	141	15
0.0502853394	126	119	7
0.0572934151	130	121	8
0.064157486	167	156	11
0.0819406509	121	111	10
0.0762648582	142	131	11
0.0700006485	99	92	7
0.0731348991	129	118	10
0.0860548019	92	84	8
0.0925107002	86	78	8
0.0750956535	93	85	7
0.0580186844	144	135	9
0.056137085	141	133	8
0.0740189552	87	80	6
0.0508546829	136	129	7
0.0790023804	113	103	9
0.0583086014	108	100	6
0.0902485847	154	140	14
0.0878305435	113	103	10
0.0601086617	148	139	9
0.0858287811	104	95	9
0.0744709969	105	97	8
0.0756158829	128	118	10
0.185653687	76	60	14
0.0558300018	125	117	7
0.0627965927	126	118	8
0.058532238	135	127	8
0.110416412	72	64	8
0.0864887238	122	111	11
0.124778748	144	124	18
0.0524954796	113	107	6
0.0549297333	108	102	6
0.095594883	135	122	13
0.0593318939	100	94	6
0.0643815994	130	121	8
0.0733761787	108	100	8
0.0964398384	134	121	13
0.0534963608	147	139	8
0.119286537	106	93	13
0.0548405647	126	119	7
0.0670685768	132	123	9
0.0511965752	135	128	7
0.073431015	108	100	8
0.0713047981	126	116	9
0.096036911	176	158	17
0.0511751175	135	128	7
0.0531244278	130	123	7
0.0807480812	79	72	7
0.0685677528	159	148	11
0.0792965889	125	115	10
0.0601921082	115	108	7
0.355438232	143	89	52
0.118857861	67	59	8
0.0591950417	249	234	15
0.0695924759	114	106	8
0.0557022095	213	201	12
0.0520396233	186	175	10
0.0581665039	136	128	8
0.0669593811	148	138	10
0.0519556999	133	126	7
0.0768866539	129	119	10
0.0552568436	152	143	9
0.0684938431	186	173	13
0.0777816772	102	94	8
0.0582156181	117	110	7
0.0625910759	134	125	9
0.0983982086	101	91	10
0.0508565903	144	136	8
0.0994915962	160	144	16
0.0543427467	107	101	6
0.0675821304	131	122	9
0.0707688332	84	78	6
0.0627970695	94	88	6
0.0737185478	121	112	9
0.078057766	89	82	7
0.0602989197	164	154	10
0.106588364	127	113	14
0.0546422005	157	148	9
0.0885467529	101	92	9
0.075612545	118	109	9
0.0581054688	119	112	7
0.0613045692	113	106	7
0.0942249298	95	86	9
0.050904274	124	117	7
0.0547990799	126	119	7
0.0819501877	109	100	9
0.0620379448	104	94	7
0.0909891129	109	99	10
0.0729355812	136	126	10
0.0522475243	160	150	9
0.0748472214	106	98	8
0.0863432884	161	147	14
0.0586528778	101	95	6
0.0577054024	120	113	7
0.0707454681	126	117	9
0.0839071274	130	118	11
0.0806665421	160	147	13
0.0546112061	159	148	10
0.0524115562	127	119	8
0.0725398064	123	114	9
0.0795898438	100	91	8
0.0527815819	131	124	7
0.0547208786	224	211	13
0.0551075935	161	152	9
0.0700035095	99	92	7
0.0646471977	139	129	9
0.0507764816	136	128	7
0.0847554207	82	75	7
0.056183815	123	116	7
0.121294975	84	73	11
0.0577406883	120	113	7
0.0821976662	113	103	10
0.0972590446	102	92	10
0.0609226227	130	121	8
0.0694656372	107	99	8
0.0556144714	150	141	9
0.0819888115	109	100	9
0.0650038719	122	114	8
0.065987587	117	106	9
0.0652742386	137	127	10
0.079703331	113	103	10
0.0746703148	100	92	8
0.0629501343	135	126	9
0.0869703293	80	73	7
0.170647144	76	63	13
0.0515379906	113	107	6
0.0686731339	136	126	10
0.0695266724	141	131	10
0.0603117943	140	131	9
0.0801196098	161	148	13
0.0602517128	139	130	9
0.0545020103	127	120	7
0.0776205063	115	106	9
0.0652589798	107	99	8
0.0501112938	99	94	5
0.0693926811	113	105	8
0.076312542	143	132	11
0.0871047974	80	72	7
0.058590889	109	102	7
0.0572543144	139	130	8
0.124325752	80	70	10
0.0614066124	129	121	8
0.0581569672	140	131	9
0.0561714172	88	83	5
0.167857647	126	99	23
0.156773567	132	109	23
0.0525035858	113	107	6
0.0772147179	90	83	7
0.0738873482	153	141	12
0.0538668633	110	104	6
0.0690050125	158	147	11
0.0504546165	137	130	7
0.075671196	118	109	9
0.0890936852	78	71	7
0.0853991508	93	85	8
0.0863485336	145	132	13
0.108663559	88	72	11
0.0539908409	128	121	7
0.0699501038	191	177	14
0.052989006	157	148	9
0.0593509674	164	154	10
0.0682621002	116	108	8
0.0537276268	110	104	6
0.0674071312	147	137	10
0.057308197	138	130	8
0.111163139	109	90	17
0.0520915985	133	125	7
0.0511989594	135	128	7
0.059735775	140	131	9
0.0585050583	85	80	5
0.0595912933	166	156	10
0.114500999	214	189	25
0.107853889	83	74	9
0.0721964836	96	89	7
0.0695295334	114	106	8
0.0683102608	172	160	12
0.0584869385	160	150	10
0.0589051247	168	158	10
0.10802269	126	112	14
0.0509819984	155	146	8
0.0701231956	113	104	8
0.0591211319	184	173	11
0.0515832901	134	127	7
0.0572547913	138	130	8
0.0564007759	157	148	9
0.113463402	114	101	13
0.0684666634	100	93	7
0.116823196	139	117	22
0.108289719	101	90	11
0.0639533997	139	130	9
0.120595455	102	89	13
0.0674581528	132	123	9
0.0695581436	142	132	10
0.0862555504	133	121	12
0.0534152985	111	105	6
0.060778141	114	107	7
0.0845427513	118	107	11
0.0541892052	182	172	10
0.0698952675	156	145	11
0.126418114	92	80	12
0.203154564	110	84	24
0.0581173897	128	120	8
0.0779123306	127	117	10
0.119769096	130	114	16
0.0571699142	121	114	7
0.0757780075	224	206	18
0.107036591	108	96	12
0.0611920357	97	91	6
0.0778641701	140	129	11
0.059981823	132	124	8
0.1630373	146	122	24
0.0912094116	98	89	9
0.055290699	151	141	9
0.0806188583	123	113	10
0.0675392151	213	198	15
0.0686421394	130	121	9
0.0580015182	128	120	8
0.0549001694	126	119	7
0.0634202957	142	132	9
0.0909633636	131	119	12
0.0540356636	107	101	6
0.0850028992	118	107	11
0.051235199	171	162	9
0.0683617592	87	81	6
0.0598053932	122	114	8
0.0532264709	188	176	11
0.0773644447	135	124	11
0.0723762512	123	114	9
0.0573029518	119	112	7
0.0698232651	162	150	12
0.0819473267	109	100	9
0.0679869652	167	155	12
0.0504670143	138	130	7
0.0691614151	86	80	6
0.0707688332	98	91	7
0.0642023087	146	136	10
0.0708494186	120	111	9
0.12108326	156	137	19
0.0519099236	152	144	8
0.0669169426	146	136	10
0.0529718399	147	139	8
0.0561027527	139	131	8
0.0741081238	134	123	10
0.102892399	138	123	15
0.0635671616	125	116	9
0.0665073395	156	145	11
0.0651473999	89	83	6
0.129665375	90	78	12
0.0655064583	83	77	6
0.059401989	200	188	12
0.133737564	92	79	13
0.0737347603	121	112	9
0.0651421547	137	127	9
0.0648903847	138	129	9
0.0800428391	124	114	10
0.0723552704	137	127	10
0.0637927055	178	166	12
0.0509400368	155	147	8
0.0701498985	156	144	11
0.0714383125	207	192	15
0.0584769249	178	167	11
0.0990357399	111	98	13
0.0702142715	127	118	9
0.0667104721	111	100	10
0.0512003899	258	244	14
0.0699715614	85	79	6
0.0708379745	98	91	7
0.198719501	80	62	17
0.150465488	80	66	13
0.174610615	80	65	15
0.0575852394	103	97	6
0.0821146965	132	121	11
0.0613684654	129	121	8
0.0524516106	226	214	12
0.0534029007	118	110	8
0.108548164	110	98	12
0.0653147697	144	134	10
0.0554819107	157	147	9
0.0787754059	95	87	8
0.101967812	156	140	16
0.0796070099	137	126	11
0.0886473656	156	142	14
0.0507979393	191	181	10
0.0518484116	134	127	7
0.0608248711	179	168	11
0.0954933167	104	93	10
0.0712351799	139	129	10
0.0671415329	141	131	10
0.0632910728	108	101	7
0.0582151413	170	160	10
0.120057583	78	67	11
0.078666687	101	93	8
0.061275959	113	106	7
0.0870108604	103	94	9
0.0550479889	156	147	9
0.0585503578	152	143	9
0.06995821	85	79	6
0.0676641464	145	135	10
0.100703239	138	124	14
0.0756449699	118	109	9
0.218186378	84	64	19
0.0752415657	117	108	9
0.0886316299	96	87	9
0.0721087456	110	102	8
0.0526585579	206	195	11
0.0580973625	161	151	10
