freq	total_cov	major_cov	minor_cov
0.170084953	40	33	7
0.230169773	26	20	6
0.206725121	29	23	6
0.249715805	28	21	7
0.214097977	28	22	6
0.214069366	28	22	6
0.222658634	27	21	6
0.278738499	43	31	12
0.307439327	39	27	12
0.346973419	39	24	12
0.384566307	39	24	15
0.384419918	39	24	15
0.327460289	39	24	12
0.307459831	39	27	12
0.334968567	45	30	15
0.400318146	59	35	24
0.338804245	71	47	24
0.256148338	62	45	16
0.0725970268	96	89	7
0.0730104446	95	88	7
0.0732731819	95	88	7
0.0761332512	91	84	7
0.129431725	54	47	7
0.133621216	54	46	7
0.129526615	54	46	7
0.270780087	59	43	16
0.266534805	60	44	16
0.275188446	60	43	16
0.290514946	55	39	16
0.499410629	26	13	12
0.340382099	47	31	16
0.340603352	47	31	16
0.304684162	50	35	15
0.319816589	50	34	16
0.438852787	69	39	30
0.356241703	71	46	25
0.352726936	71	45	25
0.349096775	72	47	25
0.347359657	72	47	25
0.36022377	69	44	25
0.489210129	49	25	24
0.489653587	49	25	24
0.504110336	49	24	24
0.407578945	59	35	24
0.380812168	63	39	24
0.406805992	49	28	20
0.264616013	49	36	13
0.209305763	43	34	9
0.170364857	41	34	7
0.124714851	56	49	7
0.126977444	55	48	7
0.127136707	55	48	7
0.124390125	55	48	7
0.126938343	55	48	7
0.100861073	77	69	8
0.0906000137	77	70	7
0.0977716446	51	46	5
0.0977220535	51	46	5
0.0960168839	52	47	5
0.0895872116	52	47	5
0.24205637	70	53	17
0.243006229	70	53	17
0.242304802	70	53	17
0.198564529	70	56	14
0.205666542	68	54	14
0.206037521	68	54	14
0.205764771	68	54	14
0.228974342	61	47	14
0.24310112	74	56	18
0.218913078	73	57	16
0.209811687	81	64	17
0.209671021	81	64	17
0.206877232	82	65	17
0.220515728	77	60	17
0.232255936	73	56	17
0.232549191	73	56	17
0.23216486	73	56	17
0.232392788	73	56	17
0.238120556	71	54	17
0.177404404	56	46	10
0.142227173	56	48	8
0.181136131	55	45	10
0.195763111	51	41	10
0.137592793	58	50	8
0.189689159	53	41	10
0.150646687	53	45	8
0.1604352	53	43	8
0.177555084	45	37	8
0.229195118	61	47	14
0.285660267	63	45	18
0.260509491	69	51	18
0.272650242	77	56	21
0.296247005	71	50	21
0.290360451	72	50	21
0.29156971	72	51	21
0.312979698	67	46	21
0.284316063	74	53	21
0.297880173	57	40	17
0.342921734	50	32	17
0.339879036	50	33	17
0.339782715	50	33	17
0.283133507	60	43	17
0.287988186	59	42	17
0.28804493	59	42	17
0.118816853	42	37	5
0.116002083	43	38	5
0.175220966	35	26	5
0.142600536	35	30	5
0.250655174	20	15	5
0.255535603	20	14	5
0.250273705	29	19	6
0.24593401	29	19	6
0.161025047	31	26	5
0.193621635	41	33	8
0.247906685	53	39	14
0.205753326	53	42	11
0.216973305	43	32	9
0.183561325	43	35	8
0.392107964	51	31	20
0.392268181	51	31	20
0.363601685	55	35	20
0.351123333	57	37	20
0.350930691	57	37	20
0.350819588	57	37	20
0.317208767	63	43	20
0.317384243	63	43	20
0.358541012	44	26	16
0.312295437	44	30	14
0.227739334	22	17	5
0.240115643	25	19	6
0.377341747	61	38	23
0.263561249	72	53	19
0.227310181	70	54	16
0.240733147	70	53	17
0.357046604	70	45	25
0.299776554	70	49	21
0.153369904	70	59	11
0.276839256	47	34	13
0.276433468	47	34	13
0.338295937	50	33	17
0.339839458	50	33	17
0.33992672	50	33	17
0.244885921	49	37	12
0.244571209	49	37	12
0.110132694	71	63	8
0.128593922	62	54	8
0.322387695	31	21	10
0.262854576	57	42	15
0.263061523	57	42	15
0.353926182	48	31	17
0.4437747	45	25	20
0.416624069	48	28	20
0.360048294	50	32	18
0.282178402	43	30	12
0.27947855	43	31	12
0.199881077	30	24	6
0.199774265	30	24	6
0.199884415	30	24	6
0.199862957	30	24	6
0.583399296	12	7	5
0.583334923	12	7	5
0.582622051	12	7	5
0.468333721	15	8	7
0.437382221	16	9	7
0.389679909	18	11	7
0.259260178	27	20	7
0.255933762	28	20	7
0.27832365	28	19	7
0.235200405	30	21	7
0.232935905	30	23	7
0.233137608	30	23	7
0.0919318199	65	59	6
0.493862152	63	32	31
0.495787621	63	32	31
0.47114706	91	48	42
0.582286835	100	58	42
0.623543739	114	71	43
0.624853134	114	71	43
0.445305824	92	50	41
0.561830997	73	41	32
0.561517715	73	41	32
0.555469036	73	40	32
0.560782909	73	41	32
0.598592758	85	50	34
0.597962856	97	58	39
0.524440765	61	32	29
0.475356579	61	32	29
0.47363615	61	32	29
0.475697994	61	32	29
0.4198246	62	36	26
0.347883701	66	43	23
0.231822491	56	43	13
0.249937534	52	39	13
0.151885986	46	39	7
0.151760101	46	39	7
0.151980877	46	39	7
0.333620548	54	36	18
0.275535107	58	42	16
0.276642323	58	42	16
0.274702072	58	42	16
0.342001438	67	44	23
0.392832756	89	54	35
0.393159389	89	54	35
0.420473099	69	40	29
0.226669312	88	68	20
0.228870869	83	64	19
0.237832069	84	64	20
0.212180138	94	74	20
0.167381287	77	64	13
0.185296059	69	56	13
0.194075108	81	65	15
0.199672699	75	60	15
0.227000237	66	51	15
0.203110218	64	51	13
0.199459553	65	52	13
0.249587059	52	39	13
0.248925209	52	39	13
0.248485088	52	39	13
0.246983051	52	39	13
0.231089115	56	43	13
0.230924129	56	43	13
0.237441063	56	42	13
0.245070457	53	40	13
0.185535908	70	57	13
0.190976143	68	55	13
0.167724133	77	64	13
0.18551302	70	57	13
0.185648441	70	57	13
0.185306072	70	57	13
0.168690681	77	64	13
0.168745041	77	64	13
0.203235149	64	51	13
0.254729748	51	38	13
0.285590172	42	30	12
0.174720287	40	33	7
0.1745224	40	33	7
0.425961494	54	31	23
0.371053696	62	39	23
0.266116142	69	49	18
0.232240677	74	56	17
0.321467876	56	38	18
0.233804703	47	36	11
0.233076572	47	36	11
0.233766556	47	36	11
0.203325748	54	43	11
0.346923828	75	49	26
0.346525669	75	49	26
0.346447468	75	49	26
0.346230984	75	49	26
0.278840065	68	49	19
0.239311218	54	41	13
0.229351044	48	36	11
0.224381924	47	36	11
0.192121983	52	42	10
0.265134811	38	28	10
0.236963749	42	32	10
0.128326416	109	95	14
0.116905212	121	106	14
0.121869564	115	100	14
0.112987041	130	115	15
0.426289558	61	35	26
0.426776409	61	35	26
0.426475048	61	35	26
0.419933319	62	36	26
0.420214176	62	36	26
0.419522762	62	36	26
0.419239521	62	36	26
0.387843609	67	41	26
0.351223946	51	33	18
0.294148922	58	40	17
0.216868877	60	47	13
0.399832726	25	15	10
0.356910706	28	18	10
0.268853664	41	30	11
0.26808548	41	30	11
0.314182758	35	24	11
0.314816475	35	24	11
0.31415081	35	24	11
0.366625309	30	19	11
0.354778767	31	20	11
0.347517014	46	30	16
0.347625732	46	30	16
0.360370636	46	29	16
0.172229767	58	48	10
0.173159122	58	48	10
0.172309399	58	48	10
0.17143774	58	48	10
0.172670364	58	48	10
0.158372402	63	53	10
0.163618088	61	51	10
0.168652058	59	48	10
0.155975819	64	54	10
0.164684772	41	34	7
0.268434525	48	35	13
0.285851002	42	30	12
0.285179138	42	30	12
0.271487713	42	30	11
0.286064625	42	30	12
0.285594463	42	30	12
0.397041321	30	18	12
0.166581631	78	65	13
0.163250923	80	66	13
0.175584793	74	61	13
0.215997696	74	58	16
0.23532486	68	52	16
0.23512888	68	52	16
0.191073895	68	55	13
0.248997688	56	40	13
0.231942177	56	43	13
0.2857337	56	40	16
0.243761063	56	40	13
0.381074429	42	26	16
0.309416771	42	29	13
0.302384377	44	30	13
0.550017834	20	11	9
0.281867027	39	28	11
0.244266987	45	34	11
0.244360447	45	34	11
0.244170189	45	34	11
0.219921589	50	39	11
0.196180344	56	45	11
0.195978165	56	45	11
0.267682552	56	41	15
0.267520428	56	41	15
0.196116447	56	45	11
0.19634819	30	24	6
0.199682713	30	24	6
0.432424068	37	21	16
0.432458401	37	21	16
0.438262939	37	20	16
0.43242836	37	21	16
0.19429636	30	24	6
0.433607578	30	17	13
0.436828613	30	16	13
0.237896442	84	64	20
0.225249767	75	58	17
0.337141991	51	33	17
0.531093597	32	17	15
0.449923515	20	11	9
0.375161171	24	15	9
0.374849796	24	15	9
0.470695019	17	9	8
0.470703125	17	9	8
0.471038818	17	9	8
0.184824467	43	35	8
0.185945988	43	35	8
0.415083408	53	31	22
0.489459038	47	24	23
0.428113937	47	24	15
0.460754871	78	42	36
0.461447239	78	42	36
0.467836857	77	41	36
0.460833073	78	42	36
0.427772999	84	48	36
0.37323904	83	52	31
0.490785599	49	25	24
0.489980698	49	25	24
0.489324093	49	25	24
0.443768501	45	25	20
0.444344997	45	25	20
0.296006203	27	19	8
0.29616642	27	19	8
0.285531998	28	20	8
0.285586834	28	20	8
0.285579681	28	20	8
0.266534805	30	22	8
0.266586781	30	22	8
0.400008202	20	12	8
0.241923332	33	25	8
0.266789436	30	22	8
0.191969872	26	21	5
0.15362072	26	22	4
0.132998466	29	25	4
0.241731644	16	12	4
0.249910355	16	12	4
0.206522465	29	23	6
0.164816856	34	28	6
0.153307915	39	33	6
0.132918835	45	39	6
0.139173985	43	37	6
0.139119148	43	37	6
0.1391325	43	37	6
0.155266762	45	38	7
0.155341148	45	38	7
0.190271854	63	51	12
0.263516426	72	53	19
0.292178631	65	46	19
0.272379398	77	56	21
0.431361198	65	37	28
0.36358881	77	49	28
0.36359024	77	49	28
0.324934959	80	54	26
0.337607861	77	51	26
0.337510586	77	51	26
0.36598444	71	45	26
0.225449562	36	27	8
0.237003326	38	29	9
0.21048069	38	30	8
0.194701195	41	33	8
0.222215176	36	28	8
0.204899311	39	31	8
0.205681801	39	31	8
0.258051395	31	23	8
0.113653183	70	62	8
0.103662014	77	69	8
0.090408802	88	80	8
0.0859656334	93	85	8
0.0845508575	94	86	8
0.0864295959	92	84	8
0.0866322517	92	84	8
0.0794887543	100	92	8
0.0826306343	97	88	8
0.078453064	97	89	8
0.0599799156	99	93	6
0.0586247444	102	96	6
0.0582942963	102	96	6
0.0530605316	109	103	6
0.269577503	63	46	17
0.174238682	63	52	11
0.203801155	54	43	11
0.20388031	54	43	11
0.209451675	54	42	11
0.203715324	54	43	11
0.341640472	79	52	27
0.341945648	79	52	27
0.355279446	76	49	27
0.391313553	69	42	27
0.408114433	66	39	27
0.380229473	71	44	27
0.380142212	71	44	27
0.166490078	66	55	11
0.190135479	63	51	12
0.204993725	63	50	12
0.175520897	63	51	11
0.159977436	75	63	12
0.146348476	75	64	11
0.205002785	78	62	16
0.194592476	77	62	15
0.415430546	65	38	27
0.230624676	65	50	15
0.464947224	71	38	33
0.287367344	73	52	21
0.17513752	57	47	10
0.175090313	57	47	10
0.277423382	36	26	10
0.344461441	29	19	10
0.222046852	45	35	10
0.222063541	45	35	10
0.2216115	45	35	10
0.270254135	37	27	10
0.270878315	37	27	10
0.239772797	25	19	6
0.249706268	24	18	6
0.249689102	24	18	6
0.249678612	24	18	6
0.260606289	23	17	6
0.317192554	63	43	20
0.306044102	65	45	20
0.273732185	73	53	20
0.426174164	82	47	35
0.31166935	69	47	21
0.29703474	67	46	19
0.322892666	65	44	21
0.258241653	89	66	23
0.337951183	77	51	26
0.242293835	95	72	23
0.220673561	86	67	19
0.220528126	86	67	19
0.279009819	93	67	26
0.299209595	87	61	26
0.298771858	87	61	26
0.346736431	75	49	26
0.381257534	68	42	26
0.416251659	72	42	30
0.390552044	64	39	25
0.390524864	64	39	25
0.207573414	53	42	11
0.245621681	57	43	14
0.263056278	57	42	15
0.275160789	69	50	19
0.204582691	68	53	14
0.190868855	68	55	13
0.185596943	70	57	13
0.332021713	78	52	26
0.327852726	79	53	26
0.312544346	60	35	13
0.280403614	57	41	16
0.428606033	56	32	24
0.44619894	56	31	25
0.285233021	56	40	16
0.308354378	43	29	13
0.194596767	41	33	8
0.19556284	41	33	8
0.173307896	46	38	8
0.1808424	46	37	8
0.13042593	60	52	8
0.135212421	59	51	8
0.342633724	70	46	24
0.416478157	60	35	25
0.416976452	60	35	25
0.416470528	60	35	25
0.429724216	60	34	26
0.416547775	60	35	25
0.333254814	72	48	24
0.337628365	71	47	24
0.325108528	83	56	27
0.28478384	83	56	23
0.324791908	83	56	27
0.157719135	57	48	9
0.200080395	60	48	12
0.199978352	60	48	12
0.199869156	60	48	12
0.226976871	53	41	12
0.226090908	53	41	12
0.214158535	56	44	12
0.263783455	53	39	14
0.166278839	66	55	11
0.183124542	60	49	11
0.17989254	61	50	11
0.182795048	60	49	11
0.219687462	50	39	11
0.244426727	45	34	11
0.243906975	45	34	11
0.282004833	39	28	11
0.278072357	39	28	11
0.224022388	49	38	11
0.224243641	49	38	11
0.243978977	45	34	11
0.0806922913	86	79	7
0.374798775	80	50	30
0.371281147	70	44	26
0.164196014	79	66	13
0.231789589	69	53	16
0.231727123	69	53	16
0.231678009	69	53	16
0.18838644	69	56	13
0.168550491	77	64	13
0.263260365	79	58	20
0.258378983	85	63	22
0.185677528	70	57	13
0.127981186	117	102	15
0.127584934	117	101	15
0.140841007	106	91	15
0.173914909	46	38	8
0.173789501	46	38	8
0.186946869	43	35	8
0.177278996	45	37	8
0.150634289	53	45	8
0.150809765	53	45	8
0.178203106	56	46	10
0.153703213	65	55	10
0.153669834	65	55	10
0.176080227	57	47	10
0.220070362	72	56	16
0.221773148	72	56	16
0.182044029	80	65	15
0.186964512	80	65	15
0.26303339	57	42	15
0.203495026	54	43	11
0.177198887	62	51	11
0.177108765	62	51	11
0.175629139	62	51	11
0.176661015	62	51	11
0.050640583	98	93	5
0.0909047127	96	87	9
0.404394627	36	21	14
0.304956913	46	31	14
0.304080486	46	32	14
0.413133144	46	27	19
0.492171288	63	32	31
0.50529623	61	31	30
0.476214409	61	30	25
0.537084579	67	36	31
0.51824379	86	41	39
0.430724621	72	41	31
0.338659286	62	41	21
0.338705063	62	41	21
0.364151001	59	37	21
0.344801426	61	39	21
0.338533878	62	41	21
0.338719845	62	41	21
0.338542461	62	41	21
0.348089695	72	47	25
0.361946583	71	45	26
0.354683399	79	51	28
0.308342934	81	56	25
0.308730125	81	56	25
0.138433933	65	56	9
0.459666729	62	33	28
0.382309437	55	34	21
0.389111519	54	33	21
0.500313282	36	18	18
0.499722481	36	18	18
0.242077351	33	25	8
0.515090466	33	17	16
0.147907734	27	23	4
0.199540138	20	16	4
0.199707985	20	16	4
0.153458118	26	22	4
0.153643608	26	22	4
0.124634266	32	28	4
0.516615868	31	16	15
0.64008379	25	16	9
0.640192032	25	16	9
0.638893604	25	16	9
0.395129204	27	16	10
0.379109383	29	18	11
0.358455181	56	36	20
0.285392761	56	36	15
0.357116699	56	36	20
0.282965183	53	38	15
0.313272953	48	33	15
0.313410759	48	33	15
0.349986553	43	27	15
0.348740578	43	28	15
0.374910355	40	25	15
0.104713917	57	51	6
0.304445267	44	25	12
0.432057381	44	25	19
0.14428997	40	34	6
0.263026237	38	28	10
0.472183228	36	19	17
0.437011242	48	26	19
0.208207607	48	38	10
0.39956522	55	33	22
0.306927681	55	33	12
0.268301487	48	35	13
0.354074478	48	31	17
0.340325356	47	31	16
0.337995052	47	31	16
0.137039661	51	44	7
0.195875168	61	49	12
0.126934528	61	53	8
0.245232582	65	49	16
0.228397846	70	54	16
0.154326916	64	54	10
0.0977420807	64	54	6
0.0931949615	64	58	6
0.0809082985	74	68	6
0.0728349686	82	76	6
0.075553894	79	73	6
0.0753998756	79	73	6
0.076415062	78	72	6
0.0962228775	62	56	6
0.114067078	70	61	8
0.263796806	72	53	19
0.199911594	80	64	16
0.21339035	80	59	16
0.262415409	80	59	21
0.215856552	91	71	20
0.19167757	99	80	19
0.191792488	99	80	19
0.160517216	87	73	14
0.176514626	85	69	15
0.18269968	82	67	15
0.182484627	82	67	15
0.257059574	101	75	26
0.337619781	92	60	31
0.329054356	92	61	30
0.313023567	99	68	31
0.351284504	91	59	32
0.332781792	93	62	31
0.333254337	93	62	31
0.266523838	45	33	12
0.266938686	45	33	12
0.266891003	45	33	12
0.266350746	45	33	12
0.266215324	45	33	12
0.226191044	53	41	12
0.271774769	48	34	13
0.333153725	39	26	13
0.282135487	46	33	13
0.244174957	49	37	12
0.161239624	56	47	9
0.160383224	56	47	9
0.410391331	56	33	23
0.157827377	57	48	9
0.11908865	75	65	9
0.252239227	91	68	23
0.244860172	93	70	23
0.105808735	85	76	9
0.140921116	85	73	12
0.122937679	69	60	9
0.180182457	49	39	9
0.221824646	36	28	8
0.222869396	36	28	8
0.308302879	26	18	8
0.307674885	26	18	8
0.308048248	26	18	8
0.389026165	62	38	24
0.387129307	62	38	24
0.443939209	54	30	24
0.523888111	42	22	20
0.166515827	42	35	7
0.241058826	29	22	7
0.269066334	26	19	7
0.269040585	26	19	7
0.296196461	27	19	8
0.307740211	26	18	8
0.307440758	26	18	8
0.307553768	26	18	8
0.307356834	26	18	8
0.484183311	48	24	23
0.473698616	38	20	18
0.473710537	38	20	18
0.374956131	48	30	18
0.375562668	48	30	18
0.328081608	52	35	17
0.326883316	52	35	17
0.345589161	52	34	18
0.326896191	52	35	17
0.327020645	52	35	17
0.292987823	58	41	17
0.249511242	68	51	17
0.181644917	66	54	12
0.181731701	66	54	12
0.181446552	66	54	12
0.199942112	60	48	12
0.199900627	60	48	12
0.234964848	51	39	12
0.154744148	116	98	18
0.188375473	97	76	17
0.110618591	90	80	10
0.0891375542	90	82	8
0.128699303	85	74	11
0.186143875	81	63	14
0.341305256	41	27	14
0.185876846	43	31	7
0.144378662	49	37	6
0.239233971	54	41	13
0.239958763	54	41	13
0.175490856	74	61	13
0.174931526	74	61	13
0.175637245	74	61	13
0.17547369	74	61	13
0.321770668	90	61	29
0.468045235	79	42	37
0.513710976	72	37	35
0.458141327	83	45	38
0.40407753	94	56	38
0.21374464	98	77	21
0.234927654	85	65	20
0.235188007	85	65	20
0.243832111	82	62	20
0.243290901	82	62	20
0.238737106	84	64	20
0.23788929	84	64	20
0.168066502	71	59	12
0.358542919	53	34	19
0.358437538	53	34	19
0.314241409	35	24	11
0.399702549	45	27	18
0.310442924	58	40	18
0.108716488	103	91	11
0.0905814171	114	103	11
0.149631977	112	95	17
0.12492466	136	119	17
0.126969337	133	116	17
0.117219925	143	125	17
0.142181873	119	102	17
0.0874896049	129	117	12
0.0922117233	129	117	12
0.103694916	115	103	12
0.176706791	99	78	16
0.158703804	50	42	8
0.147977829	54	46	8
0.14771986	54	46	8
0.163076878	49	41	8
0.163283348	49	41	8
0.249789715	52	39	13
0.24985075	52	39	13
0.249855995	52	39	13
0.304835796	62	43	19
0.281748295	85	61	24
0.267956257	86	62	22
0.279082775	86	62	24
0.224687576	80	62	18
0.17261982	102	84	18
0.17752409	90	74	16
0.171917915	93	77	16
0.192608833	88	71	17
0.181802273	88	72	16
0.181476116	88	72	16
0.20721674	82	65	17
0.18150425	77	63	14
0.124942303	64	55	8
0.124769211	64	56	8
0.126901627	63	55	8
0.188157082	47	38	9
0.204444885	44	35	9
0.204935551	44	34	9
0.204095364	44	35	9
0.310276508	29	20	9
0.153926373	39	33	6
0.153811932	39	33	6
0.153147221	39	33	6
0.162617207	37	31	6
0.253406048	71	53	18
0.351861	71	46	25
0.321349144	56	38	18
0.281351566	64	46	18
0.281184196	64	46	18
0.281000614	64	46	18
0.315615654	57	39	18
0.438532352	57	32	25
0.395552635	57	32	18
0.315423489	57	39	18
0.315656662	57	39	18
0.397241116	57	34	22
0.433226109	60	34	26
0.517809868	60	27	26
0.550189018	60	33	27
0.351831913	74	47	26
0.502674103	56	28	28
0.500197887	56	28	28
0.483283997	58	30	28
0.573140621	75	43	32
0.543100357	70	38	32
0.542723656	70	38	32
0.542973995	70	38	32
0.542657852	70	38	32
0.500111103	76	38	38
0.499356747	76	38	38
0.264007568	68	50	18
0.298139095	60	42	18
0.256700039	70	52	18
0.293149948	61	43	18
0.272541046	66	48	18
0.273008347	66	47	18
0.268706322	67	49	18
0.294989109	61	43	18
0.295212269	61	43	18
0.292757988	61	43	18
0.29288578	61	43	18
0.187765121	58	47	11
0.203493595	49	39	10
0.204032898	49	39	10
0.128847122	31	27	4
0.107817173	37	33	4
0.142739773	28	24	4
0.142875671	28	24	4
0.159744263	80	67	13
0.162435532	80	67	13
0.173155785	75	62	13
0.173265457	75	62	13
0.255268097	51	38	13
0.254496098	51	38	13
0.264904976	49	36	13
0.295226097	44	31	13
0.295160294	44	31	13
0.380051136	34	21	13
0.383144855	34	21	13
0.322568893	40	27	13
0.332928658	39	26	13
0.294056892	44	31	13
0.254744053	98	73	25
0.254905224	98	73	25
0.150620461	86	73	13
0.244952202	98	74	24
0.0757012367	92	85	7
0.124667645	88	77	11
0.217250347	55	38	10
0.100315571	72	59	7
0.19278574	57	46	11
0.167155266	42	35	7
0.179877758	40	32	7
0.279507637	68	49	19
0.211601734	85	67	18
0.2215662	85	66	19
0.128476143	39	34	5
0.0684418678	73	67	5
0.0779876709	64	59	5
0.174126148	81	66	14
0.308752537	97	67	30
0.513044357	74	38	36
0.575914383	66	38	28
0.576645851	67	38	28
0.567306519	67	38	29
0.64197588	60	38	21
0.514005184	70	36	34
0.591491699	49	29	20
0.430100918	72	41	31
0.343760967	95	60	31
0.35735321	95	61	34
0.143993855	70	59	10
0.111398697	73	61	8
0.101734638	78	70	8
0.466483116	94	50	44
0.500096798	90	45	45
0.240736008	83	63	20
0.528398514	83	44	39
0.530006409	85	45	40
0.527386189	85	45	40
0.227745533	86	66	20
0.42479229	83	47	35
0.421708584	83	48	35
0.366374016	68	43	25
0.44321394	106	59	47
0.505073547	91	46	45
0.532469273	92	49	43
0.345049858	110	72	38
0.676780701	102	69	33
0.369410038	108	68	40
0.41562748	96	56	40
0.270397663	96	70	26
0.476011276	84	44	40
0.368460178	76	48	28
0.333137989	81	54	27
0.688682079	77	53	24
0.336106777	80	53	27
0.294672012	88	62	26
0.295329571	88	62	26
0.295309067	88	62	26
0.509921074	100	51	49
0.249092102	100	75	25
0.231332779	108	83	25
0.311765671	108	57	26
0.24076128	108	82	26
0.292915344	102	51	26
0.186443806	86	70	16
0.0995979309	49	44	5
0.339833736	44	28	15
0.253918648	59	44	15
0.24166584	62	47	15
0.241866112	62	47	15
0.24986124	60	45	15
0.25425005	59	44	15
0.254452229	59	44	15
0.254163742	59	44	15
0.226695061	66	51	15
0.227293015	66	51	15
0.430533886	91	51	39
0.433214188	90	51	39
0.435778141	90	50	39
0.488449574	90	46	44
0.509601593	104	53	50
0.500891209	106	53	53
0.482131481	114	59	55
0.517583847	89	46	43
0.506007671	91	46	45
0.505337715	91	46	45
0.152486801	51	43	8
0.158486366	50	42	8
0.15062952	53	45	8
0.159724712	50	42	8
0.14281559	77	66	11
0.235016823	68	52	16
0.258594513	62	46	16
0.257872581	62	45	16
0.191542625	62	46	10
0.154510975	64	54	10
0.171423912	64	48	10
0.147773266	64	54	9
0.119202137	86	75	10
0.0810842514	86	79	7
0.196269035	56	45	11
0.217143536	69	54	15
0.056145668	71	67	4
0.0563220978	71	67	4
0.0561900139	71	67	4
0.363449097	55	35	20
0.357554913	56	36	20
0.399962902	50	30	20
0.488823891	41	20	20
0.384439468	52	32	20
0.384582043	52	32	20
0.38476944	52	32	20
0.383228302	52	32	20
0.33334446	54	36	18
0.333051205	54	36	18
0.174214363	52	42	9
0.223847389	58	45	13
0.22386837	58	45	13
0.218624592	59	46	13
0.270403862	48	35	13
0.301845551	43	30	13
0.302073002	43	30	13
0.30053091	43	30	13
0.342084885	38	25	13
0.333043098	39	26	13
0.333075047	39	26	13
0.333333969	39	26	13
0.433299065	30	17	13
0.274428368	40	29	11
0.261920452	42	31	11
0.29782486	37	26	11
0.26173687	42	31	11
0.0754823685	66	61	5
0.114017963	35	31	4
0.27263689	66	48	18
0.152882099	85	72	13
0.171172142	76	62	13
0.162094116	80	67	13
0.131013393	84	73	11
0.144135952	84	71	12
0.142155647	84	72	12
0.1484375	81	68	12
0.15983963	75	63	12
0.159460545	74	62	12
0.197339058	60	48	12
0.199737549	60	48	12
0.146029949	83	70	12
0.211957455	113	89	24
0.0914568901	120	109	11
0.0890302658	120	108	11
0.0995926857	120	108	12
0.190982819	120	97	23
0.0912690163	120	109	11
0.163618088	122	102	20
0.258601189	116	86	30
0.245492458	69	52	17
0.273346901	62	45	17
0.274289131	62	45	17
0.257918358	62	46	16
0.258617878	63	46	16
0.267621517	63	46	17
0.253811359	63	47	16
0.27421999	59	42	16
0.274374485	62	45	17
0.266797066	62	45	16
0.282815933	60	43	17
0.277833462	36	26	10
0.428971767	77	44	33
0.428438663	77	44	33
0.451317787	73	40	33
0.420297146	69	40	29
0.4830513	61	31	29
0.436286926	67	37	29
0.150845051	93	78	14
0.171841621	93	76	17
0.187694073	93	74	19
0.159750938	93	72	14
0.152579308	59	50	9
0.158115387	61	51	10
0.132274628	68	59	9
0.126657963	71	62	9
0.139482975	71	61	10
0.210802078	58	45	12
0.210760593	58	45	12
0.180147171	72	59	13
0.249957561	48	36	12
0.289444447	48	34	14
0.199176788	61	48	12
0.185341358	70	57	13
0.173854351	69	57	12
0.175785542	69	56	12
0.34291029	35	23	12
0.12492609	40	35	5
0.12492466	40	35	5
0.12160635	41	36	5
0.130787373	38	33	5
0.131124496	38	33	5
0.0803661346	62	57	5
0.0732474327	68	63	5
0.694647312	23	16	7
0.365585804	52	33	19
0.365282059	52	33	19
0.365437508	52	33	19
0.235516071	51	39	12
0.222209454	54	42	12
0.21051836	57	45	12
0.176383018	68	56	12
0.280445576	56	40	16
0.164982319	59	49	10
0.124287605	92	79	12
0.2371068	47	35	12
0.208926678	43	33	10
0.292182922	65	46	19
0.271303177	70	51	19
0.245016098	36	27	9
0.208388329	43	34	9
0.347577095	48	31	15
0.354127407	48	31	17
0.353685379	48	31	17
0.28237009	46	33	13
0.28245163	46	33	13
0.282548428	46	33	13
0.259833336	50	37	13
0.259712696	50	37	13
0.0807003975	99	91	8
0.104877949	76	68	8
0.147819042	54	46	8
0.167422295	54	42	8
0.215574741	51	40	11
0.191316605	57	46	11
0.151844978	59	48	8
0.148310184	59	48	8
0.0996785164	40	36	4
0.380243301	34	21	13
0.387705803	33	20	12
0.249670506	32	24	8
0.152217388	59	50	9
0.163319111	67	56	11
0.171637058	64	53	11
0.129076004	85	74	11
0.145206928	104	88	15
0.12519598	135	118	17
0.11671257	143	126	17
0.117880344	149	131	18
0.104315281	162	145	17
0.103644848	162	145	17
0.104818821	162	145	17
0.106342316	103	92	11
0.145623684	76	64	11
0.139200687	79	68	11
0.13932991	79	68	11
0.219663143	91	71	20
0.195806503	102	82	20
0.212510109	94	74	20
0.222969055	94	73	21
0.212590218	94	74	20
0.18520689	113	92	21
0.17974329	113	91	20
0.16795826	119	99	20
0.176320076	114	93	20
0.168082714	83	69	14
0.18422699	76	62	14
0.183996677	76	62	14
0.210087299	114	90	24
0.217295647	106	82	23
0.290691376	82	58	23
0.285858631	84	60	24
0.276500702	87	62	24
0.305584908	91	63	28
0.345957756	81	53	28
0.345993996	81	53	28
0.345545769	81	53	28
0.307553291	91	63	28
0.288592339	97	69	28
0.276859283	101	73	28
0.274418354	102	74	28
0.160936356	118	99	19
0.19652462	122	98	24
0.169395447	118	98	20
0.280351162	107	77	30
0.280151367	107	77	30
0.279951096	107	77	30
0.288239956	104	74	30
0.287930489	104	74	30
0.305449009	98	68	30
0.218870163	32	25	7
0.162173271	43	36	7
0.142402172	49	42	7
0.179440498	39	32	7
0.179430485	39	32	7
0.179284096	39	32	7
0.129630089	52	45	7
0.134277821	52	45	7
0.134373188	52	45	7
0.120454788	58	51	7
0.128568172	54	47	7
0.57980299	50	29	21
0.568477154	51	29	22
0.428477764	42	24	18
0.543072224	33	18	15
0.484977245	33	17	16
0.518373966	33	16	15
0.399693489	35	21	14
0.151147366	46	39	7
0.148351669	47	40	7
0.145213604	48	41	7
0.145444393	48	41	7
0.145698547	48	41	7
0.14554739	48	41	7
0.14495039	48	41	7
0.175024986	40	33	7
0.195149422	40	32	8
0.192525864	36	29	7
0.183562756	38	31	7
0.154879093	45	38	7
0.192816257	74	49	15
0.162364006	55	46	9
0.183474541	49	40	9
0.163313866	55	46	9
0.163366318	55	46	9
0.163255215	55	46	9
0.130237103	69	60	9
0.14947176	60	51	9
0.146735668	62	52	9
0.154899597	58	49	9
0.114185333	76	67	9
0.119337082	69	60	8
0.12618494	69	60	9
0.119634151	75	66	9
0.138121605	65	56	9
0.10877943	74	65	8
0.0989303589	91	82	9
0.0961880684	91	82	9
0.39118576	46	28	18
0.170073032	47	39	8
0.299416065	60	42	18
0.145289898	55	47	8
0.145263672	55	47	8
0.11575985	69	61	8
0.333015919	69	46	23
0.418261528	55	32	23
0.37072134	54	34	20
0.238663673	54	41	13
0.271951199	58	42	15
0.199900627	40	32	8
0.124912739	40	35	5
0.0542354584	92	87	5
0.404645443	36	21	14
0.388655186	36	22	14
0.388912201	36	22	14
0.388828754	36	22	14
0.388903141	36	22	14
0.304093361	46	32	14
0.195666313	46	36	9
0.195341587	46	37	9
0.210752964	52	38	9
0.269082546	52	38	14
0.208991051	43	34	9
0.324328899	43	29	14
0.208786011	43	34	9
0.209033966	43	34	9
0.310883999	45	31	14
0.163285732	55	46	9
0.176372051	51	42	9
0.108807564	55	49	6
0.355047703	76	49	27
0.371219635	70	44	26
0.387417316	70	42	26
0.399096966	70	42	28
0.386716366	70	42	27
0.376349449	70	42	26
0.39978838	70	42	28
0.348305702	66	43	23
0.0832257271	60	55	5
0.106897354	56	50	6
0.223705769	58	45	13
0.309072971	42	29	13
0.325088024	40	27	13
0.349989414	40	26	14
0.371051311	35	22	13
0.382548809	34	21	13
0.142595768	56	48	8
0.153819561	52	44	8
0.17358017	46	38	8
0.205535889	68	54	14
0.206094265	68	54	14
0.212138176	66	52	14
0.205753326	68	54	14
0.211870193	66	52	14
0.231537342	69	53	16
0.250369549	60	45	15
0.319106579	50	34	16
0.220257759	68	53	15
0.220528603	68	53	15
0.219846249	68	53	15
0.220005035	68	53	15
0.144049644	40	34	6
0.160466194	37	31	6
0.161827087	37	31	6
0.13716507	43	37	6
0.109382153	55	49	6
0.108940601	55	49	6
0.146161079	41	35	6
0.365485668	41	26	15
0.365807533	41	26	15
0.340691566	44	29	15
0.416880131	36	21	15
0.416202068	36	21	15
0.521769524	46	24	22
0.24976635	64	48	16
0.109269142	73	65	8
0.285795212	77	55	22
0.412689209	75	44	31
0.519845009	75	39	36
0.462732792	67	36	31
0.46312809	67	36	31
0.517246246	58	30	28
0.545519352	55	30	25
0.576843739	52	30	22
0.399855137	55	33	22
0.446358204	56	31	25
0.260640621	57	42	15
0.245709419	61	46	15
0.262261868	61	45	16
0.196608543	66	53	13
0.177525043	73	60	13
0.197293758	81	65	16
0.200171471	80	64	16
0.242666245	66	50	16
0.17500639	40	33	7
0.178984642	39	32	7
0.166602135	42	35	7
0.166515827	42	35	7
0.166735649	42	35	7
0.151916504	46	39	7
0.151666164	46	39	7
0.567077637	37	21	16
0.480403423	25	13	12
0.480098724	25	13	12
0.446665764	27	14	12
0.210677147	80	62	17
0.163986683	55	46	9
0.15003109	60	51	9
0.183494568	49	40	9
0.182393551	49	40	9
0.183847904	49	39	9
0.209225178	43	34	9
0.212051392	42	33	9
0.21417141	42	33	9
0.199814796	45	36	9
0.23167944	56	43	13
0.230683804	56	43	13
0.337605	65	43	22
0.303802967	72	50	22
0.305457592	72	50	22
0.218333721	59	46	13
0.219247818	59	46	13
0.218827248	59	46	13
0.203048229	64	51	13
0.202795029	64	51	13
0.264111042	72	53	19
0.296649933	64	45	19
0.283468246	67	48	19
0.285675526	67	47	19
0.290043831	66	46	19
0.20876503	91	72	19
0.209113598	91	72	19
0.199667454	95	76	19
0.197775841	96	77	19
0.189955235	100	81	19
0.189725399	100	81	19
0.186198235	102	83	19
0.185914993	102	83	19
0.183871746	102	83	19
0.18607235	102	83	19
0.180868626	105	86	19
0.14948082	80	68	12
0.161761761	74	62	12
0.371205807	94	59	35
0.371867657	94	59	35
0.361732006	97	61	35
0.346287727	101	66	35
0.311103344	90	62	28
0.311109543	90	62	28
0.311141968	90	62	28
0.284505844	98	70	28
0.314616203	89	61	28
0.39626503	101	61	40
0.416749954	96	56	40
0.408025265	76	45	31
0.37901783	71	44	27
0.380403996	50	31	19
0.349668503	80	52	28
0.409725189	83	49	34
0.414844036	82	48	34
0.541184902	85	46	39
0.169659615	94	78	16
0.185944557	86	69	16
0.266530991	30	22	8
0.299702168	30	21	9
0.469329834	64	34	30
0.4686656	64	34	30
0.491724014	61	31	30
0.491644859	61	31	30
0.491856098	61	31	30
0.491559029	61	31	30
0.499973297	60	30	30
0.557830811	52	29	23
0.0914773941	109	99	10
0.0918188095	109	98	10
0.111930847	107	95	12
0.0933456421	107	97	10
0.0941004753	105	95	10
0.107325554	93	83	10
0.107151031	93	83	10
0.106626511	93	83	10
0.110998631	90	80	10
0.0758004189	92	85	7
0.0735592842	88	81	6
0.232702732	90	69	21
0.255292416	90	67	23
0.288479805	97	69	28
0.297877789	94	66	28
0.160963058	80	67	13
0.35716486	84	54	30
0.428281784	70	40	30
0.320529938	34	23	11
0.367772579	68	43	25
0.378534317	66	41	25
0.337656021	74	49	25
0.29733181	84	59	25
0.320600033	78	53	25
0.315879345	76	52	24
0.135927677	44	38	6
0.213891506	28	22	6
0.149783134	60	51	9
0.19987154	25	20	5
0.200125217	25	20	5
0.199807644	25	20	5
0.199807644	25	20	5
0.230622292	26	20	6
0.230508804	26	20	6
0.214310646	28	22	6
0.214099884	28	22	6
0.151219845	33	28	5
0.156760216	33	26	5
0.142722607	35	30	5
0.290955544	31	22	9
0.28990221	31	22	9
0.169261932	53	44	9
0.166770458	54	44	9
0.142271042	70	60	10
0.128435135	70	61	9
0.0956664085	62	56	6
0.197594643	85	67	17
0.184545994	76	53	11
0.151587486	74	52	10
0.145743847	105	88	17
0.173552036	59	46	10
0.16157198	67	55	12
0.127043247	65	54	8
0.14817667	54	46	8
0.0777864456	99	87	9
0.17073679	62	51	11
0.270999908	48	34	14
0.069814682	94	87	7
0.0719928741	94	87	7
0.0589051247	124	115	9
0.0584273338	118	111	7
0.0820889473	104	94	9
0.0916175842	64	57	6
0.17073822	54	44	10
0.221915722	53	36	12
0.176261425	56	45	11
0.199727535	80	64	16
0.224475861	79	59	17
0.213465214	79	62	17
0.239348412	71	54	17
0.265323162	64	47	17
0.269719124	63	46	17
0.269728661	63	46	17
0.195815563	61	49	12
0.0702013969	81	75	6
0.0662837029	90	84	6
0.455122948	55	30	25
0.471549511	53	28	25
0.509892941	49	25	24
0.511478424	49	25	24
0.510170937	49	25	24
0.510408878	49	25	24
0.480798721	52	27	25
0.480669498	52	27	25
0.479292393	52	27	25
0.478367329	52	27	24
0.480706215	52	27	25
0.47895956	52	27	24
0.498985291	48	24	24
0.500471592	48	24	24
0.196300983	56	45	11
0.199802399	55	44	11
0.244121075	45	34	11
0.250716209	48	34	12
0.389687538	41	25	16
0.420078278	62	36	26
0.367949009	57	36	21
0.350554466	60	39	21
0.289676189	31	22	9
0.289979935	31	22	9
0.322305202	31	21	10
0.681046009	22	15	7
0.636462212	22	14	8
0.681510925	22	15	7
0.665393353	21	14	7
0.583300591	24	14	10
0.27221489	33	24	9
0.286762714	31	22	9
0.199984074	45	36	9
0.1720047	52	43	9
0.194502354	46	37	9
0.173053741	52	43	9
0.172498703	51	42	9
0.369552612	46	29	17
0.292664528	58	41	17
0.11017704	62	54	7
0.418910027	43	25	18
0.382730007	47	29	18
0.337543964	54	36	18
0.321485519	56	38	18
0.32189846	56	38	18
0.310222149	58	40	18
0.322565079	60	40	19
0.216599941	83	65	18
0.216247559	83	65	18
0.206187725	87	69	18
0.208960056	86	68	18
0.209139347	86	68	18
0.0791425705	85	77	7
0.0881466866	79	72	7
0.155676842	45	38	7
0.155016422	45	38	7
0.174931526	40	33	7
0.174613953	40	33	7
0.16994524	40	33	7
0.148570538	47	40	7
0.475938082	58	26	26
0.441091537	59	33	26
0.364075661	72	45	26
0.296226025	88	62	26
0.297656536	88	61	26
0.394463062	76	46	30
0.208090782	96	76	20
0.213456154	98	77	21
0.205807209	97	77	20
0.0927643776	86	78	8
0.0926671028	86	78	8
0.0929064751	86	78	8
0.117050171	68	60	8
0.11759758	68	60	8
0.298420906	77	54	23
0.127026081	94	82	12
0.137707233	86	74	12
0.138968468	86	74	12
0.139128208	86	74	12
0.394238949	28	17	11
0.399849892	25	15	10
0.310702324	29	20	9
0.222205639	27	21	6
0.394691944	38	23	15
0.428542614	35	20	15
0.297775269	47	33	14
0.523394108	53	27	25
0.24998045	56	42	14
0.221969128	63	49	14
0.146119595	60	51	9
0.163529396	55	46	9
0.195709705	46	37	9
0.57708025	26	15	11
0.602787018	25	15	10
0.483801842	31	16	15
0.454545021	33	18	15
0.340687752	44	29	15
0.340867996	44	29	15
0.34102869	44	29	15
0.340878963	44	29	15
0.237405777	80	61	19
0.237544537	80	61	19
0.420331001	81	47	34
0.41965723	81	47	34
0.486292362	82	42	40
0.487731934	82	42	40
0.512494087	80	41	39
0.496851444	80	40	39
0.505767345	87	44	43
0.586658001	75	44	31
0.662042141	71	47	24
0.867806911	51	44	7
0.735514164	60	44	16
0.224309921	84	65	19
0.263957977	72	53	19
0.263813496	72	53	19
0.263801098	72	53	19
0.279339314	68	49	19
0.25347662	75	56	19
0.253219604	75	56	19
0.251673698	75	56	19
0.279555798	68	49	19
0.28004837	68	49	19
0.150917053	53	45	8
0.147957802	54	46	8
0.166851997	48	40	8
0.243365288	86	65	21
0.332977772	108	72	36
0.338835239	118	78	40
0.277354717	109	78	30
0.229217052	109	84	25
0.229718208	109	84	25
0.30327177	102	71	31
0.284947872	98	70	28
0.361030102	72	46	26
0.376224518	69	43	26
0.231854916	69	53	16
0.297305107	59	40	16
0.407562256	54	32	22
0.292505741	54	38	16
0.372371197	58	32	20
0.388085365	67	41	26
0.260090351	73	54	19
0.40326786	62	37	25
0.403141499	62	37	25
0.259304523	50	37	13
0.318631649	47	32	15
0.196838856	55	44	11
0.186088562	43	35	8
0.326056004	46	31	15
0.506960392	59	30	29
0.56307745	71	40	31
0.578334808	83	48	35
0.566456318	90	51	39
0.652915955	72	47	25
0.560049057	75	42	33
0.560163498	75	42	33
0.559562206	75	42	33
0.603677273	83	50	33
0.568350792	69	38	29
0.579717636	69	40	29
0.430710793	68	39	29
0.403044701	67	40	27
0.409882069	66	39	27
0.40890789	66	39	27
0.181545258	65	53	12
0.199537277	65	52	13
0.188619137	68	55	13
0.213525295	70	55	15
0.157741547	57	47	9
0.263068199	57	42	15
0.311226845	45	31	14
0.177827358	45	36	8
0.467133045	47	25	22
0.357936382	67	43	24
0.537373066	67	36	31
0.497218132	67	31	29
0.38666153	64	34	23
0.158757687	44	37	7
0.228354454	61	47	14
0.242008209	57	43	13
0.0779247284	103	94	8
0.0816121101	110	101	9
0.0814347267	110	101	9
0.0814170837	110	101	9
0.10343647	146	130	15
0.104637146	143	128	15
0.106267452	141	126	15
0.106114388	141	126	15
0.131421566	114	99	15
0.156044006	96	81	15
0.154286385	96	81	15
0.134431839	104	90	14
0.122473717	122	107	15
0.131356239	114	99	15
0.108561039	92	82	10
0.108360767	92	82	10
0.108933926	92	81	10
0.100105762	100	89	10
0.117623806	93	82	11
0.295316219	44	31	13
0.240544796	54	41	13
0.259180069	54	40	14
0.276785374	47	34	13
0.276350498	47	34	13
0.276288033	47	34	13
0.254775524	51	38	13
0.22920084	48	37	11
0.210362434	38	30	8
0.199797153	45	36	9
0.157578468	57	48	9
0.179887295	50	41	9
0.17970705	50	41	9
0.12301302	73	64	9
0.359163284	25	16	9
0.301973343	23	16	7
0.18593359	43	35	8
0.186361313	43	35	8
0.139964104	57	49	8
0.129178524	62	52	8
0.142987728	55	47	8
0.147966862	54	46	8
0.147152424	54	46	8
0.143865108	54	46	8
0.147881031	54	46	8
0.129646301	61	53	8
0.130193233	61	53	8
0.130743027	61	53	8
0.126914024	63	55	8
0.126863956	63	55	8
0.126890659	63	55	8
0.128060818	62	54	8
0.0996670723	80	72	8
0.21587944	37	29	8
0.454498291	11	6	5
0.454413891	11	6	5
0.344779015	58	38	20
0.344917297	58	38	20
0.252988338	79	59	20
0.252219677	79	59	20
0.256071568	78	58	20
0.262957096	76	56	20
0.246955395	81	61	20
0.283685684	70	50	20
0.274911404	70	50	19
0.285195827	70	50	20
0.228247643	87	67	20
0.227806091	87	67	20
0.111902714	98	87	11
0.135142803	63	54	9
0.18305397	60	49	11
0.135258675	81	70	11
0.126186848	87	76	11
0.126351833	87	75	11
0.0953874588	52	47	5
0.0979437828	51	46	5
0.0978245735	51	46	5
0.098048687	51	46	5
0.0977063179	51	46	5
0.0765419006	65	60	5
0.0764307976	65	60	5
0.076590538	65	60	5
0.0679092407	73	68	5
0.0705513954	69	64	5
0.0724234581	69	64	5
0.0724005699	69	64	5
0.131932259	53	46	7
0.127202988	55	48	7
0.126748562	55	48	7
0.131867409	53	46	7
0.151784897	46	39	7
0.17058897	41	34	7
0.170960426	41	34	7
0.155230999	45	38	7
0.148790359	52	44	8
0.134465218	52	45	7
0.116593361	60	53	7
0.116611481	60	53	7
0.117250443	60	52	7
0.11243391	62	55	7
0.112558842	62	55	7
0.333631039	30	20	10
0.333227634	30	20	10
0.333272934	30	20	10
0.399993896	40	24	16
0.275559902	58	42	16
0.232223511	43	33	10
0.232325554	43	33	10
0.183092117	55	44	10
0.11708498	51	45	6
0.117296219	51	45	6
0.113023758	53	47	6
0.113086224	53	47	6
0.112852097	53	47	6
0.117482185	51	45	6
0.0997543335	60	54	6
0.152061462	46	38	8
0.231762409	43	27	9
0.60037899	50	30	20
0.600198746	50	30	20
0.612161636	49	30	19
0.612440586	49	30	19
0.517448902	58	30	28
0.545465946	55	30	25
0.545646191	55	30	25
0.588256836	51	30	21
0.458226204	48	26	22
0.458306789	48	26	22
0.345436573	81	53	28
0.318334579	88	60	28
0.321584225	87	59	28
0.321805954	87	59	28
0.321164131	87	59	28
0.327720642	87	58	28
0.341401577	82	54	28
0.345460892	81	53	28
0.345387459	81	53	28
0.345430851	81	53	28
0.0862374306	81	74	7
0.16293335	92	77	15
0.229436874	87	67	20
0.210412979	76	60	16
0.210032463	76	60	16
0.210114002	76	60	16
0.209022999	76	60	16
0.270495415	59	43	16
0.26919508	59	43	16
0.227816105	57	44	13
0.227924824	57	44	13
0.162605762	43	36	7
0.264591694	34	25	9
0.266648293	34	25	9
0.264183998	34	25	9
0.243187904	37	28	9
0.242189884	37	28	9
0.246328354	36	27	9
0.249778271	36	27	9
0.249790668	36	27	9
0.249855995	36	27	9
0.249677181	36	27	9
0.230459213	39	30	9
0.226876736	39	30	9
0.23646307	38	29	9
0.199620247	45	36	9
0.199980259	45	36	9
0.228257179	57	44	13
0.244632721	57	43	14
0.228197098	57	44	13
0.229551792	57	43	13
0.183459759	60	49	11
0.182506084	60	49	11
0.342652321	75	49	26
0.356194973	62	36	21
0.339142323	62	41	21
0.439506531	66	37	29
0.35642004	65	41	23
0.3499403	60	39	21
0.483327389	60	31	29
0.309058666	65	43	19
0.338359356	65	43	22
0.428726673	63	36	27
0.135611534	59	50	8
0.152147293	59	50	9
0.187629223	53	43	10
0.208064556	48	38	10
0.235329151	48	36	11
0.248910427	40	30	10
0.195051193	51	41	10
0.155457497	90	76	14
0.163311481	91	76	15
0.155222416	91	76	14
0.18693924	80	65	15
0.195819855	51	41	10
0.256340504	74	55	19
0.214238167	84	66	18
0.214195728	84	66	18
0.214326859	84	66	18
0.230175018	80	61	18
0.232078075	80	61	18
0.219182014	84	64	18
0.237233639	80	61	19
0.236715317	76	58	18
0.221592903	72	56	16
0.305499077	55	37	16
0.290240765	55	39	15
0.33936739	53	35	18
0.111975193	80	71	9
0.202362537	79	63	16
0.213099003	75	59	16
0.253665924	63	47	16
0.40002203	50	30	20
0.399825573	50	30	20
0.357845306	56	36	20
0.375040054	48	30	18
0.321147919	56	38	18
0.138338089	65	56	9
0.142748833	63	54	9
0.136824608	64	55	9
0.308342934	81	56	25
0.136706352	51	44	7
0.136901855	51	44	7
0.0915927887	76	69	7
0.21876049	132	103	29
0.296276569	98	69	29
0.295964718	98	68	29
0.253789902	114	85	29
0.206849575	87	69	18
0.117789268	91	80	11
0.123714924	89	78	11
0.123482704	89	78	11
0.117039204	94	82	11
0.169155121	65	54	11
0.127014637	85	74	11
0.124312878	88	77	11
0.125813961	87	76	11
0.126276493	87	76	11
0.121828079	90	79	11
0.11515379	95	84	11
0.119075298	59	51	7
0.0903530121	77	70	7
0.0927801132	75	68	7
0.0852131844	82	75	7
0.085498333	82	74	7
0.082971096	84	77	7
0.0831718445	84	77	7
0.0932712555	82	74	8
0.086288929	81	74	7
0.0676784515	88	82	6
0.0706267357	88	81	6
0.0677714348	88	82	6
0.0680875778	88	82	6
0.0709114075	84	78	6
0.545470238	11	6	5
0.545492649	11	6	5
0.213669777	126	99	27
0.221689701	153	119	34
0.214370728	153	120	33
0.182535172	153	125	28
0.215572834	153	120	33
0.213817596	154	121	33
0.196856499	159	127	31
0.196900368	159	127	31
0.208650112	153	121	32
0.446942806	38	21	17
0.316030979	38	26	12
0.416530609	60	35	25
0.417561531	60	35	25
0.417259216	72	42	30
0.389814377	261	159	102
0.394203186	261	158	103
0.429620266	114	65	49
0.302331448	76	53	23
0.447272301	76	42	34
0.380863667	42	26	16
0.229699612	61	47	14
0.229735374	61	47	14
0.199902058	70	56	14
0.199920654	70	56	14
0.154907227	90	76	14
0.155226231	90	76	14
0.168322086	84	69	14
0.170090675	86	71	14
0.173843384	86	71	15
0.170159817	88	73	15
0.159375668	88	74	14
0.172211647	81	67	14
0.437317371	16	9	7
0.437709808	16	9	7
0.533689499	15	8	7
0.194963455	41	33	8
0.194858074	41	33	8
0.1947155	41	33	8
0.122461796	57	50	7
0.138831615	57	49	8
0.152637482	51	43	8
0.152043343	46	39	7
0.151761055	46	39	7
0.1518116	46	39	7
0.328104496	64	43	21
0.364730358	66	41	24
0.441518784	77	43	34
0.285308361	84	60	24
0.378796101	95	59	36
0.379261494	95	59	36
0.297556877	101	70	30
0.297316074	101	71	30
0.296479225	101	70	30
0.154230595	97	82	15
0.155377865	97	81	15
0.154284477	97	82	15
0.154598713	97	82	15
0.227254868	70	54	16
0.231027603	70	53	16
0.228246689	70	54	16
0.228234768	70	54	16
0.216469765	74	58	16
0.343619823	78	51	27
0.4892869	47	24	23
0.0629396439	95	89	6
0.110663891	108	96	12
0.110676765	115	101	13
0.104642391	124	111	13
0.109522343	125	111	14
0.106323242	122	109	13
0.10609436	122	109	13
0.177623272	144	118	26
0.170915127	135	111	23
0.131937027	121	105	16
0.127327442	125	109	16
0.12887907	124	108	16
0.13410759	119	103	16
0.343245506	67	44	23
0.483250618	60	31	29
0.491501808	59	30	29
0.333084583	87	58	29
0.318668365	91	62	29
0.31815052	91	62	29
0.21479845	107	84	23
0.21468401	107	84	23
0.197657108	106	85	21
0.121647358	106	93	13
0.110843182	99	88	11
0.102441311	107	96	11
0.132896423	83	72	11
0.290339947	86	61	25
0.293512344	87	61	25
0.279466152	89	64	25
0.252532482	95	71	24
0.300877571	83	58	25
0.301232815	83	57	25
0.317420483	76	51	24
0.327670574	76	51	25
0.317421436	76	51	24
0.304675579	82	57	25
0.306230545	82	57	25
0.145864964	89	76	13
0.145163536	89	76	13
0.146508694	89	75	13
0.149004936	101	85	15
0.163661957	92	76	15
0.164679527	92	76	15
0.164785385	91	75	15
0.173535347	91	75	16
0.211377144	90	71	19
0.21105957	91	71	19
0.194355965	72	58	14
0.139463425	127	108	18
0.135887146	154	133	21
0.166646957	254	210	42
0.191924572	205	164	39
0.19808054	211	169	42
0.190928936	224	181	43
0.16661787	210	174	35
0.185834408	204	166	38
0.109414577	159	141	18
0.0896034241	167	152	15
0.102189541	147	131	15
0.097342968	153	138	15
0.0979037285	153	138	15
0.10347271	144	129	15
0.0518240929	134	127	7
0.0518498421	134	127	7
0.0518684387	134	126	7
0.216096401	97	76	21
0.224284649	98	76	22
0.153063774	110	92	17
0.189543247	111	90	21
0.196418762	106	85	21
0.202121735	104	83	21
0.137013912	124	107	17
0.134674072	154	133	21
0.118340969	177	156	21
0.116931915	179	158	21
0.102350712	224	201	23
0.0716195107	179	166	13
0.0500187874	198	187	11
0.210650444	57	45	12
0.121577263	74	64	9
0.272621155	66	48	18
0.272939205	66	48	18
0.116829872	77	68	9
0.216424942	60	47	13
0.174931526	80	66	14
0.161967278	80	67	13
0.158056259	82	69	13
0.197749138	91	73	18
0.206808567	87	69	18
0.231117249	78	60	18
0.172719955	75	62	13
0.196178913	78	59	14
0.230595112	78	60	18
0.136181355	88	76	12
0.196594238	66	53	13
0.236605167	55	42	13
0.0634698868	78	73	5
0.0636730194	78	73	5
0.0850934982	54	49	5
0.0930175781	54	48	5
0.0904769897	54	49	5
0.237997532	63	48	15
0.210051537	71	56	15
0.211398125	71	56	15
0.273017883	84	61	23
0.273760319	84	61	23
0.274054527	84	61	23
0.247074127	93	70	23
0.2576437	93	69	24
0.23443985	98	75	23
0.234535217	98	75	23
0.118292332	82	69	9
0.116541862	77	68	9
0.11413765	61	54	7
0.235833645	68	52	16
0.216364861	74	58	16
0.228351593	70	54	16
0.202732086	84	67	17
0.190253735	84	68	16
0.190729618	84	68	16
0.190429688	84	68	16
0.15820837	101	85	16
0.192499638	83	67	16
0.221683979	72	56	16
0.222046852	72	56	16
0.217749119	72	56	16
0.209269047	105	83	22
0.264578819	83	61	22
0.237213135	93	71	22
0.115187168	104	92	12
0.115345955	104	92	12
0.115067005	104	92	12
0.100718975	89	80	9
0.0997395515	90	81	9
0.104160309	86	77	9
0.104896069	86	77	9
0.104727268	86	76	9
0.145926952	64	53	9
0.0971169472	62	55	6
0.097776413	62	55	6
0.0979914665	61	55	6
0.277792931	86	62	24
0.368982792	122	77	45
0.368434429	122	77	45
0.375142097	120	75	45
0.374974251	120	75	45
0.374662399	120	75	45
0.487769604	78	40	38
0.493315697	75	38	37
0.461651325	80	43	37
0.118345261	59	52	7
0.118667126	59	52	7
0.102440834	68	61	7
0.102803707	68	61	7
0.102603436	68	61	7
0.102678776	68	61	7
0.305596828	62	43	19
0.356699467	67	43	24
0.389768124	59	36	23
0.328120708	67	45	22
0.333099842	69	46	23
0.327700138	58	39	19
0.240228653	79	60	19
0.237348557	80	61	19
0.0928449631	75	68	7
0.0871329308	80	73	7
0.224644661	49	38	11
0.306055069	49	34	15
0.272864342	55	40	15
0.270171642	67	48	18
0.269321918	67	49	18
0.267493725	67	49	18
0.286493301	63	45	18
0.310015202	58	40	18
0.310604095	58	40	18
0.315555096	57	39	18
0.33982563	54	35	18
0.331604004	54	36	18
0.29957056	60	42	18
0.225078583	71	55	16
0.263393402	110	81	29
0.105448723	104	93	11
0.124666691	88	77	11
0.124878407	88	77	11
0.124971867	88	76	11
0.11321497	78	69	9
0.114750385	78	69	9
0.115274429	78	69	9
0.115116596	78	69	9
0.115117073	78	69	9
0.179166317	78	64	14
0.21550703	64	50	14
0.223317623	62	48	14
0.199690342	35	28	7
0.268932343	26	19	7
0.200796127	39	31	8
0.175978184	108	89	19
0.22358942	86	66	19
0.223283768	85	66	19
0.225568771	85	65	19
0.223069668	85	66	19
0.212265968	61	48	13
0.197143078	66	53	13
0.196609497	66	53	13
0.195245743	66	53	13
0.223824024	85	65	19
0.136703014	52	42	7
0.16907692	45	37	8
0.229649067	48	36	12
0.193832397	61	49	12
0.157721996	76	64	12
0.111826897	63	55	7
0.111052513	63	56	7
0.203288555	59	47	12
0.203019619	59	47	12
0.203332424	68	53	13
0.194450855	68	53	13
0.185119629	71	56	13
0.171686649	64	53	11
0.207303524	77	61	16
0.150357246	73	62	11
0.136233807	66	57	9
0.126857281	63	55	8
0.128773212	62	54	8
0.113818169	52	46	6
0.634925365	27	17	9
0.334569454	18	12	6
0.33322525	18	12	6
0.149812222	40	34	6
0.166778564	36	30	6
0.166293621	36	30	6
0.162350178	37	31	6
0.162140846	37	31	6
0.162227631	37	31	6
0.149878502	40	34	6
0.150160313	40	34	6
0.120148182	51	44	6
0.117610931	51	45	6
0.108896255	55	49	6
0.182805538	71	58	13
0.185730934	70	57	13
0.185789585	70	56	13
0.185359478	70	57	13
0.185584545	70	57	13
0.185087681	70	57	13
0.190910816	68	55	13
0.188946724	68	55	13
0.185843468	70	57	13
0.168269157	77	64	13
0.417126179	76	44	32
0.390512466	75	44	24
0.118565559	59	52	7
0.10395813	67	60	7
0.116269112	67	59	8
0.210292816	38	30	8
0.228075504	57	44	13
0.279004097	57	41	16
0.368152142	57	36	21
0.490580082	55	28	27
0.490987301	55	28	27
0.28262949	53	38	15
0.386930943	67	41	26
0.520254612	59	30	28
0.237176895	59	45	14
0.325258255	43	29	14
0.0969367027	92	83	9
0.107861519	83	74	9
0.162099361	74	62	12
0.154982567	103	87	16
0.209935665	100	79	21
0.208360195	100	79	21
0.136865616	73	63	10
0.164330959	73	61	12
0.164106846	73	61	12
0.1711092	70	58	12
0.168863297	70	58	12
0.171383858	70	58	12
0.182427883	70	57	13
0.17135191	70	58	12
0.168199539	71	59	12
0.168746471	71	59	12
0.172710419	68	56	12
0.186961174	63	51	11
0.14032793	71	61	10
0.621761322	73	45	27
0.12614727	79	69	10
0.129458904	77	67	10
0.121260166	82	72	10
0.178257942	56	46	10
0.22162962	45	35	10
0.13558197	44	38	6
0.130416393	46	40	6
0.199319363	30	24	6
0.104939461	57	51	6
0.312215805	64	44	20
0.332587719	64	38	20
0.261786938	69	51	18
0.249512672	72	54	18
0.22810173	70	54	16
0.14891386	70	54	10
0.152407646	59	50	9
0.184826374	81	66	15
0.202352524	74	59	15
0.205588341	74	58	15
0.132471085	68	59	9
0.0859231949	100	91	9
0.0702738762	110	102	8
0.257032394	35	26	9
0.257040977	35	26	9
0.301356792	63	44	19
0.296813488	64	45	19
0.297025204	64	45	19
0.287941456	66	47	19
0.287724495	66	47	19
0.287332058	66	47	19
0.283457279	67	48	19
0.316567421	60	41	19
0.316547871	60	41	19
0.316436291	60	41	19
0.301495552	63	44	19
0.126725674	47	41	6
0.12687397	63	55	8
0.0887637138	90	82	8
0.0891513824	90	82	8
0.166277409	90	75	15
0.0875301361	91	83	8
0.0910077095	91	76	8
0.164614201	91	76	15
0.0875930786	91	83	8
0.160879135	67	56	11
0.150161743	67	56	10
0.152361393	59	50	9
0.218627453	45	35	10
0.219223976	41	32	9
0.304133892	69	48	21
0.291614056	72	51	21
0.291604996	72	51	21
0.29070282	89	63	26
0.24973774	99	74	24
0.234785557	102	78	24
0.234203339	102	78	24
0.266291618	90	66	24
0.177007198	79	65	14
0.156485558	89	75	14
0.422803879	33	19	14
0.424154282	33	19	14
0.42421484	33	19	14
0.423975945	33	19	14
0.424136162	33	19	14
0.254265308	55	41	14
0.254499912	55	41	14
0.254926682	55	41	14
0.260232925	30	22	8
0.194129944	36	29	7
0.183756351	38	31	7
0.183889389	38	31	7
0.11222744	54	47	6
0.137144566	51	44	7
0.124481201	55	48	7
0.14520216	48	41	7
0.371416569	35	22	13
0.23404789	64	49	15
0.317322254	63	43	20
0.317583084	63	43	20
0.343801498	59	38	20
0.3446064	58	38	20
0.444514275	45	25	20
0.348772526	43	28	15
0.36614275	41	26	15
0.357264519	42	27	15
0.340937614	44	29	15
0.341341972	44	29	15
0.142587185	84	72	12
0.149303913	87	74	13
0.130376816	92	80	12
0.146345615	82	70	12
0.157614231	76	64	12
0.228436947	61	47	14
0.273827553	73	53	20
0.181128502	33	27	6
0.181707382	33	27	6
0.206064701	29	23	6
0.206711292	29	23	6
0.167127609	36	30	6
0.157721996	38	32	6
0.187323093	32	26	6
0.187209129	32	26	6
0.187338352	32	26	6
0.186460018	32	26	6
0.221876621	27	21	6
0.221879482	27	21	6
0.16421032	109	90	18
0.146632195	42	35	6
0.141771317	42	36	6
0.0864896774	69	63	6
0.0868597031	69	63	6
0.0949082375	63	57	6
0.0832138062	72	66	6
0.0830197334	72	65	6
0.0857424736	69	63	6
0.0851826668	69	63	6
0.0665040016	75	70	5
0.423596382	33	19	14
0.42338562	33	19	14
0.31737566	44	30	14
0.285191536	49	35	14
0.341103554	41	27	14
0.341526985	41	27	14
0.311517239	45	31	14
0.310939312	45	31	14
0.291357517	48	34	14
0.266442776	53	38	14
0.210911751	65	51	13
0.190018654	73	59	14
0.28950119	76	54	22
0.308703423	71	49	22
0.486985683	74	38	36
0.332716942	85	56	28
0.347298622	85	49	28
0.333167076	78	52	26
0.126847267	63	55	8
0.129615784	63	54	8
0.130795479	61	53	8
0.132998466	60	52	8
0.133067608	60	52	8
0.150273323	48	40	7
0.239951134	75	57	18
0.285252571	63	45	18
0.301622868	66	46	20
0.271992207	66	48	18
0.333783627	70	45	22
0.31280756	70	48	22
0.434864044	69	39	30
0.428879261	70	40	30
0.080286026	70	64	6
0.365194321	52	33	19
0.304013252	69	48	21
0.312475204	69	47	21
0.260737896	84	62	22
0.250524998	84	63	21
0.291418552	72	51	21
0.217484951	101	79	22
0.19105196	101	78	19
0.236540794	110	84	26
0.174342155	103	85	18
0.0914745331	101	85	9
0.146342278	82	70	12
0.146056175	82	70	12
0.10640955	75	67	8
0.106154919	75	67	8
0.104186535	75	67	7
0.198752403	75	60	15
0.166652679	90	75	15
0.16664505	90	75	15
0.0915932655	87	79	8
0.300014496	50	35	15
0.162814617	50	41	8
0.304234028	46	32	14
0.255171776	86	63	22
0.287704945	66	47	19
0.283586025	67	48	19
0.287887573	66	47	19
0.115087032	78	69	9
0.111863613	80	71	9
0.107418537	93	83	10
0.102618217	97	87	10
0.1144104	96	84	11
0.122066021	96	84	12
0.114537239	96	85	11
0.0642552376	93	86	6
0.0645565987	93	87	6
0.107698917	65	57	7
0.107318878	65	58	7
0.109487534	73	65	8
0.109128475	73	65	8
0.159815788	75	63	12
0.159538746	75	63	12
0.218648434	78	55	14
0.319171906	72	49	23
0.318006039	72	49	23
0.124755859	72	63	9
0.18026638	72	59	13
0.238806248	71	54	17
0.202270031	74	59	15
0.289779186	93	66	27
0.430266857	79	45	34
0.433335781	79	44	34
0.238921642	92	70	22
0.239356518	92	70	22
0.238863468	92	70	22
0.21851635	106	82	23
0.215002537	107	84	23
0.212830544	108	85	23
0.213246822	108	84	23
0.239659309	98	74	23
0.257058144	98	72	25
0.245521545	114	86	28
0.167390347	89	74	15
0.223457336	67	52	15
0.223847866	67	52	15
0.18441534	65	53	12
0.19206953	68	53	12
0.305004597	51	35	15
0.521734238	23	12	11
0.521807194	23	12	11
0.521740913	23	12	11
0.521917343	23	12	11
0.196378231	61	49	12
0.492070675	57	29	28
0.4999547	56	28	28
0.490305901	56	28	27
0.499984264	56	28	28
0.49984026	56	28	28
0.474660873	59	31	28
0.482486725	58	30	28
0.267652512	56	41	15
0.267569065	56	41	15
0.288824081	52	37	15
0.349041939	43	28	15
0.348605633	43	28	15
0.277505398	54	39	15
0.267369747	56	41	15
0.245513916	61	46	15
0.150690556	99	84	15
0.151544094	99	84	15
0.188674927	106	86	20
0.18990612	105	85	20
0.197909355	101	81	20
0.197862148	101	81	20
0.229660034	87	67	20
0.229660511	87	67	20
0.155798912	77	65	12
0.151804924	79	67	12
0.176688671	68	56	12
0.176586151	68	56	12
0.17609024	68	56	12
0.176441193	68	56	12
0.176326752	68	56	12
0.0873808861	91	83	8
0.0746378899	104	96	8
0.0755934715	104	96	8
0.0821628571	97	89	8
0.0845851898	94	86	8
0.107875824	74	66	8
0.109743595	72	64	8
0.147014618	54	46	8
0.166146278	42	35	7
0.166074753	42	35	7
0.166287899	42	35	7
0.205237865	34	27	7
0.205434322	34	27	7
0.205413342	34	27	7
0.18729496	32	26	6
0.187214851	32	26	6
0.111685276	98	87	11
0.111551285	98	87	11
0.107462883	102	91	11
0.113903046	96	85	11
0.111418724	96	85	11
0.109738827	100	89	11
0.100290775	109	98	11
0.1010952	108	97	11
0.199865341	60	48	12
0.101520538	118	106	12
0.0986328125	121	109	12
0.0790352821	139	128	11
0.101071358	59	53	6
0.297467709	78	54	23
0.294564724	78	55	23
0.266541004	45	33	12
0.309544563	45	22	12
0.266591072	45	33	12
0.310182095	58	40	18
0.0611338615	143	132	9
0.0598893166	133	125	8
0.0607481003	131	123	8
0.0602865219	132	124	8
0.065633297	120	112	8
0.0712065697	112	104	8
0.0693678856	116	107	8
0.086660862	92	83	9
0.411833763	34	20	14
0.409758568	34	20	14
0.356784821	39	25	14
0.363097668	39	24	14
0.325441837	43	29	14
0.324884892	43	29	14
0.2851367	49	35	14
0.250445366	56	41	14
0.249905109	56	42	14
0.135325909	96	83	13
0.1563344	83	70	13
0.156253815	83	70	13
0.238130569	92	70	22
0.238141537	92	70	22
0.249913216	100	75	25
0.260514259	92	68	24
0.260539532	92	68	24
0.234967232	102	78	24
0.255151749	94	70	24
0.185079575	108	88	20
0.191382885	108	87	20
0.165384769	120	100	20
0.104859829	76	68	8
0.110825062	72	64	8
0.110791206	72	64	8
0.142466545	56	48	8
0.18689537	64	52	12
0.277285099	90	65	25
0.308329582	81	56	25
0.308599472	81	56	25
0.308473587	81	56	25
0.307762623	81	56	25
0.319483757	81	55	26
0.286563873	87	62	25
0.287059784	87	62	25
0.280144215	89	64	25
0.281149387	89	64	25
0.280484676	89	64	25
0.168275833	89	74	15
0.103046417	135	121	14
0.103531837	135	121	14
0.103972435	135	120	14
0.103326321	135	121	14
0.092692852	150	136	14
0.0795545578	156	142	12
0.0804896355	156	142	12
0.0912327766	131	119	12
0.0915532112	131	119	12
0.0912265778	131	119	12
0.0887041092	131	119	12
0.0909228325	131	119	12
0.0644173622	77	72	5
0.0645484924	77	72	5
0.0662446022	75	70	5
0.0662651062	75	70	5
0.066283226	75	70	5
0.303399563	122	85	37
0.284221172	123	88	35
0.288604736	128	91	37
0.333503723	114	76	38
0.336229801	113	75	38
0.342403889	111	73	38
0.342066765	111	73	38
0.33855629	112	74	38
0.33835268	118	78	40
0.264229774	98	72	26
0.238248348	109	83	26
0.102492809	107	96	11
0.107621193	74	66	8
0.10777998	74	66	8
0.102098942	78	70	8
0.100172997	78	70	8
0.102230072	78	70	8
0.0785598755	98	90	8
0.0813102722	98	90	8
0.0815787315	98	90	8
0.0849890709	94	86	8
0.0838050842	95	87	8
0.101754665	79	70	8
0.483268738	60	31	29
0.483327866	60	31	29
0.482945919	60	31	29
0.483270168	60	31	29
0.372318268	78	48	29
0.283964157	74	52	21
0.283558846	74	53	21
0.27234602	77	56	21
0.29921484	98	68	29
0.243567944	86	65	21
0.240672112	116	88	28
0.215769291	111	87	24
0.215699673	111	87	24
0.204609871	83	66	17
0.203787804	83	65	17
0.233800888	94	72	22
0.249657631	76	57	19
0.271170139	70	51	19
0.296631336	56	37	15
0.306239128	56	37	15
0.339205265	56	37	19
0.317818165	63	43	20
0.281131268	57	41	16
0.350647449	57	37	20
0.350839615	57	37	20
0.283222198	60	43	17
0.136935711	51	44	7
0.158940792	44	37	7
0.128632069	54	47	7
0.100277424	81	71	8
0.11828804	67	59	8
0.0933318138	75	68	7
0.0948443413	73	66	7
0.0959920883	73	66	7
0.0958461761	73	66	7
0.0985569954	71	64	7
0.0967717171	69	62	7
0.215359688	51	40	11
0.234645367	47	36	11
0.232553005	47	36	11
0.199484348	60	48	12
0.226003647	53	41	12
0.235087395	51	39	12
0.17861414	84	68	15
0.210318089	76	60	16
0.217385769	69	54	15
0.23189497	69	53	16
0.233915806	64	49	15
0.22350502	67	52	15
0.223957062	67	52	15
0.153879642	65	55	10
0.18153286	55	45	10
0.181328773	55	45	10
0.231775284	43	33	10
0.208012581	48	38	10
0.158727646	63	53	10
0.199733257	75	60	15
0.199825287	75	60	15
0.264672756	98	72	26
0.292651653	75	53	22
0.0794229507	75	69	6
0.190988064	89	72	17
0.230754852	91	70	21
0.259290218	73	54	19
0.270334721	70	51	19
0.271240234	70	51	19
0.153777599	77	64	12
0.154226303	84	71	13
0.294791698	54	38	16
0.280602455	57	41	16
0.350668907	57	37	20
0.362535	55	35	20
0.326687813	61	41	20
0.239853859	66	50	16
0.242182255	66	50	16
0.376368523	77	48	29
0.403192043	57	34	23
0.468909264	49	26	23
0.460014343	50	27	23
0.459879398	50	27	23
0.397050381	58	35	23
0.396558762	58	35	23
0.396436691	58	35	23
0.449269295	51	28	23
0.450962067	51	28	23
0.450770378	51	28	23
0.450773239	51	28	23
0.451084614	51	28	23
0.434437275	53	30	23
0.284870625	56	40	16
0.283852577	57	40	16
0.249802113	64	48	16
0.232887745	69	52	16
0.235907555	72	55	17
0.195270538	81	65	16
0.235071659	68	52	16
0.235192299	68	52	16
0.234958172	68	52	16
0.135704041	81	70	11
0.142759323	77	66	11
0.134044647	82	71	11
0.134726524	82	70	11
0.142665386	84	72	12
0.143010139	84	72	12
0.131336212	84	73	11
0.130910873	84	73	11
0.160082817	75	63	12
0.383562565	65	40	25
0.194170952	67	53	13
0.268191814	67	42	13
0.24110651	61	37	13
0.193762779	67	54	13
0.205410004	65	51	13
0.199645519	65	52	13
0.199849129	65	52	13
0.199884415	65	52	13
0.169188976	65	54	11
0.341780186	38	25	13
0.253923416	59	44	15
0.229372501	61	47	14
0.23324585	60	46	14
0.20877409	67	53	14
0.217002869	83	63	17
0.19967556	89	69	17
0.188664436	90	73	17
0.215082645	93	73	20
0.214660168	93	73	20
0.148113728	93	79	14
0.178858757	95	78	17
0.169937134	47	39	8
0.170271873	47	39	8
0.170087337	47	39	8
0.169928551	47	39	8
0.170104027	47	39	8
0.169587135	47	39	8
0.26906538	33	24	9
0.170426369	70	57	12
0.176332951	68	56	12
0.136124134	88	76	12
0.136134148	88	76	12
0.13134861	91	79	12
0.147774696	81	69	12
0.140529156	64	55	9
0.13014698	69	60	9
0.126982689	55	48	7
0.170901299	41	34	7
0.142653942	49	42	7
0.107560158	65	58	7
0.102923393	65	58	7
0.198626518	55	44	11
0.233310223	60	46	14
0.233051777	60	46	14
0.222046375	63	49	14
0.222199917	63	49	14
0.122739315	89	78	11
0.123363495	89	78	11
0.171963215	87	72	15
0.171798706	87	72	15
0.174123764	86	71	15
0.176200867	85	70	15
0.0792722702	113	104	9
0.0886850357	101	92	9
0.0887770653	101	92	9
0.106786251	84	75	9
0.104385853	86	77	9
0.109226227	82	73	9
0.0998258591	82	73	8
0.109400749	82	73	9
0.192265987	66	53	12
0.196159363	56	45	11
0.233798981	47	36	11
0.230866909	48	36	11
0.240414143	54	41	13
0.240611076	54	41	13
0.29926157	66	46	20
0.327781677	61	41	20
0.384258747	52	32	20
0.385214806	52	32	20
0.392107487	51	31	20
0.393245697	51	31	20
0.221905231	45	35	10
0.222211361	45	35	10
0.260449409	73	54	19
0.136358261	73	63	10
0.136378765	73	63	10
0.143090248	68	58	10
0.129674911	77	67	10
0.129856586	77	67	10
0.213796139	65	51	14
0.0798478127	75	68	6
0.0798454285	75	68	6
0.0815806389	73	67	6
0.0820622444	73	67	6
0.0788850784	76	70	6
0.0783519745	76	70	6
0.0784850121	76	70	6
0.0785841942	76	70	6
0.0730075836	78	72	6
0.0689077377	87	81	6
0.0783252716	76	70	6
0.499517441	20	10	10
0.416659832	24	14	10
0.31798315	22	15	7
0.304701328	23	16	7
0.162965298	43	36	7
0.174773216	40	33	7
0.105164528	57	51	6
0.104982853	57	51	6
0.11083746	54	48	6
0.110713959	54	48	6
0.124765396	48	42	6
0.11091423	54	48	6
0.110466003	54	48	6
0.127369881	54	47	7
0.109347343	54	48	6
0.124437332	50	43	6
0.113092899	53	47	6
0.133225441	45	39	6
0.133349895	45	39	6
0.133279324	45	39	6
0.146149635	41	35	6
0.146330833	41	35	6
0.146104813	41	35	6
0.13313961	44	38	6
0.133061886	45	39	6
0.133408546	45	39	6
0.182544708	33	27	6
0.163620949	141	117	23
0.137209892	168	144	23
0.136559963	168	145	23
0.136453152	168	145	23
0.150659561	155	131	23
0.147839546	161	137	24
0.140099049	164	141	23
0.136855125	168	145	23
0.14581871	163	139	24
0.149115086	153	129	23
0.150266647	153	130	23
0.124480247	161	141	20
0.148697853	154	131	23
0.179262161	127	104	23
0.149209499	66	56	10
0.140767574	71	61	10
0.32813406	67	45	22
0.328048706	67	45	22
0.122746944	97	85	12
0.115562439	103	91	12
0.253147125	79	59	20
0.210906982	81	63	17
0.207344532	81	64	17
0.273595333	62	45	17
0.103750229	77	69	8
0.120195866	58	51	7
0.0817942619	84	77	7
0.0862727165	81	74	7
0.0858817101	81	74	7
0.0823326111	92	84	8
0.21463871	66	51	14
0.209079266	67	52	14
0.205899715	68	54	14
0.206160545	68	54	14
0.229343891	61	47	14
0.205794334	68	54	14
0.205880642	68	53	14
0.204663754	68	53	14
0.0512623787	97	92	5
0.408185482	54	32	22
0.400334835	55	33	22
0.398467541	55	33	22
0.500380039	44	22	22
0.500338554	44	22	22
0.448858738	49	27	22
0.375023842	56	35	21
0.373823166	56	35	21
0.375218391	56	35	21
0.202423573	84	67	17
0.199855328	85	68	17
0.197293758	86	69	17
0.205134869	39	31	8
0.194075108	43	34	8
0.147891998	54	46	8
0.148104191	54	46	8
0.130944729	61	53	8
0.16466856	50	40	8
0.179852486	50	41	9
0.133609772	60	52	8
0.115916729	86	76	10
0.1334548	75	65	10
0.138174057	73	62	10
0.136649609	73	63	10
0.103885651	96	86	10
0.383682251	48	29	19
0.34157753	103	67	35
0.348639011	103	67	36
0.349705219	103	67	36
0.358267784	106	68	38
0.327286243	113	76	37
0.409603596	117	69	48
0.410024643	117	69	48
0.479520798	104	54	50
0.47522068	101	53	48
0.458478451	101	54	46
0.455064774	81	44	35
0.393515587	71	42	27
0.363376617	77	49	28
0.363583565	77	49	28
0.12660265	71	62	9
0.071577549	111	103	8
0.0664458275	120	112	8
0.117427349	68	60	8
0.1288867	62	54	8
0.128854275	62	54	8
0.131075859	61	53	8
0.145326138	55	47	8
0.148087025	54	46	8
0.147808552	54	46	8
0.123043537	65	57	8
0.122632504	65	57	8
0.122660637	65	57	8
0.166497707	72	60	12
0.205130577	63	49	13
0.190434933	63	51	12
0.153541565	78	66	12
0.153213024	78	66	12
0.164075851	79	66	13
0.151562214	79	67	12
0.151639462	79	67	12
0.146477699	82	70	12
0.159679413	75	63	12
0.203217983	59	47	12
0.151740551	79	67	12
0.293377399	75	53	22
0.323672771	68	46	22
0.32395792	68	45	22
0.324377537	68	46	22
0.34369278	64	42	22
0.338720322	65	43	22
0.366624832	60	38	22
0.354727268	62	40	22
0.338222027	65	43	22
0.338954926	65	43	22
0.452807903	53	29	24
0.452980042	53	28	24
0.421431065	56	32	23
0.428655148	56	32	24
0.428403854	56	32	24
0.354357719	79	51	28
0.33336401	75	50	25
0.186408997	91	74	17
0.0977721214	102	92	10
0.348423481	66	43	23
0.338704586	68	45	23
0.314844131	73	50	23
0.315217972	73	50	23
0.318461895	73	49	23
0.314967155	73	50	23
0.376654625	69	43	26
0.275596619	69	50	19
0.376144886	69	43	26
0.456693649	57	30	26
0.483849049	62	32	30
0.483874321	62	32	30
0.370992184	62	39	23
0.297287941	37	26	11
0.297214031	37	26	11
0.297214985	37	26	11
0.296921253	37	26	11
0.379173756	29	18	11
0.567943573	37	21	16
0.538484097	39	21	18
0.297611237	47	33	14
0.29153347	48	34	14
0.291251659	48	34	14
0.0996398926	40	36	4
0.0997538567	40	36	4
0.0972008705	41	37	4
0.097278595	41	37	4
0.199910164	40	32	8
0.199876785	40	32	8
0.228336334	35	27	8
0.22189188	36	28	8
0.23647356	38	29	9
0.236685753	38	29	9
0.262871265	38	28	10
0.236657619	38	29	9
0.209560871	43	34	9
0.323792458	43	29	14
0.315855026	44	30	14
0.513002872	74	38	36
0.490110397	63	32	31
0.492115498	63	32	31
0.460727692	63	34	29
0.531270027	60	32	28
0.533376694	60	32	28
0.541573524	59	32	27
0.541763783	59	32	27
0.605869293	104	63	41
0.605686188	104	63	41
0.606487274	104	63	41
0.605721951	104	63	41
0.677555561	93	63	30
0.677339554	93	63	30
0.471906662	98	51	46
0.479032516	98	51	47
0.456193924	103	56	47
0.374525547	96	60	36
0.187200546	64	52	12
0.348480701	74	48	26
0.350594997	74	48	26
0.365891933	71	45	26
0.365811825	71	45	26
0.366567612	71	45	26
0.337872982	77	51	26
0.336999893	77	51	26
0.355923653	73	47	26
0.355222225	73	47	26
0.335530758	77	51	26
0.323917389	83	56	27
0.32000351	81	55	26
0.143723965	76	65	11
0.141950607	77	66	11
0.142702579	77	66	11
0.141522884	78	66	11
0.140209198	78	67	11
0.140908241	78	67	11
0.140934467	78	67	11
0.137784481	78	67	11
0.192728043	57	46	11
0.236278534	55	42	13
0.229155064	39	30	9
0.340821266	44	29	15
0.280401707	57	41	16
0.140706062	61	49	8
0.135472775	59	51	8
0.135640621	59	51	8
0.162811279	55	46	9
0.11393404	70	62	8
0.0984516144	81	73	8
0.0973815918	82	74	8
0.0973825455	82	74	8
0.321575165	67	45	21
0.28380394	74	53	21
0.268760204	78	57	21
0.109318256	82	73	9
0.19203186	88	71	17
0.204124928	83	66	17
0.228495598	71	54	16
0.238998413	71	54	17
0.228940964	78	60	18
0.176621437	79	65	14
0.176695824	79	65	14
0.177186012	79	65	14
0.135263443	66	57	9
0.16824913	61	50	10
0.166745663	72	60	12
0.164446354	75	62	12
0.164296627	73	61	12
0.279287338	68	49	19
0.363399029	77	49	28
0.273225307	77	56	21
0.24634409	77	58	19
0.305112839	72	50	22
0.328779221	73	49	24
0.315882206	73	49	22
0.253388882	71	53	18
0.251573086	68	46	14
0.147867203	68	58	10
0.136959076	64	55	9
0.126964092	70	61	9
0.491711617	61	31	30
0.522777081	64	33	30
0.469620228	64	34	30
0.469004631	64	34	30
0.531208515	64	34	30
0.53131628	64	34	30
0.531263828	64	34	30
0.459597111	74	40	34
0.364403725	85	54	31
0.399814606	85	51	34
0.424788952	80	46	34
