freq	total_cov	major_cov	minor_cov
0.270114899	26	17	7
0.348442078	24	15	8
0.338477135	87	48	28
0.135941029	135	103	17
0.223810673	32	24	7
0.350057125	38	24	13
0.230548859	101	76	23
0.252428055	91	68	23
0.130410671	77	66	10
0.0799465179	112	103	9
0.229895592	58	44	14
0.139711857	50	43	7
0.124727249	56	49	7
0.125047684	56	49	7
0.122531891	57	50	7
0.142993927	49	42	7
0.231330872	41	31	10
0.0926923752	43	39	4
0.197916031	120	95	24
0.149358749	80	66	12
0.168632984	70	58	12
0.103897572	93	82	10
0.208337307	47	37	10
0.101632595	59	53	6
0.375034332	21	13	8
0.132023811	53	46	7
0.0610814095	114	107	7
0.062874794	111	104	7
0.0617938042	113	106	7
0.0602388382	116	109	7
0.0607762337	115	108	7
0.233092785	45	32	11
0.336369514	31	17	9
0.161688328	46	38	8
0.108692169	55	49	6
0.10357523	58	52	6
0.0881123543	68	62	6
0.0879225731	68	62	6
0.0879235268	68	62	6
0.0979938507	59	53	6
0.216109753	51	37	12
0.178816319	79	63	16
0.120596409	85	69	10
0.0901408195	103	85	9
0.299055099	48	33	15
0.232755661	48	36	12
0.190438747	48	37	9
0.117631435	85	75	10
0.404826641	28	16	11
